% Model:              
% Version:            COMSOL 5.2.1.229
% Date:               Aug 11 2017, 18:26
% Table:              Pressure incident Inlet - Pin
% Time (s)               Incident pressure (Pa), Point: 16
0                        0
2.032520325203252E-5     562.341325190349
4.065040650406504E-5     974.0037464252969
6.097560975609756E-5     1124.6826503806983
8.130081300813008E-5     974.003746425297
1.016260162601626E-4     562.3413251903495
1.2195121951219512E-4    1.377339007845284E-13
1.4227642276422764E-4    -562.3413251903488
1.6260162601626016E-4    -974.0037464252966
1.8292682926829268E-4    -1124.6826503806983
2.032520325203252E-4     -974.0037464252973
2.2357723577235772E-4    -562.3413251903496
2.4390243902439024E-4    -2.754678015690568E-13
2.6422764227642276E-4    562.3413251903482
2.845528455284553E-4     974.0037464252966
3.048780487804878E-4     1124.6826503806983
3.252032520325203E-4     974.0037464252974
3.4552845528455285E-4    562.3413251903506
3.6585365853658537E-4    4.1320170235358513E-13
3.861788617886179E-4     -562.3413251903482
4.065040650406504E-4     -974.003746425296
4.268292682926829E-4     -1124.6826503806983
4.4715447154471545E-4    -974.0037464252974
4.6747967479674797E-4    -562.3413251903507
4.878048780487805E-4     -5.509356031381136E-13
5.08130081300813E-4      562.3413251903463
5.284552845528455E-4     974.003746425296
5.487804878048781E-4     1124.6826503806983
5.691056910569106E-4     974.0037464252975
5.89430894308943E-4      562.3413251903509
6.097560975609756E-4     6.88669503922642E-13
6.300813008130082E-4     -562.341325190348
6.504065040650406E-4     -974.0037464252958
6.707317073170731E-4     -1124.6826503806983
6.910569105691057E-4     -974.0037464252986
7.113821138211383E-4     -562.3413251903493
7.317073170731707E-4     -8.264034047071703E-13
7.520325203252032E-4     562.3413251903478
7.723577235772358E-4     974.0037464252958
7.926829268292683E-4     1124.6826503806983
8.130081300813008E-4     974.0037464252987
8.333333333333333E-4     562.3413251903529
8.536585365853659E-4     9.641373054916988E-13
8.739837398373984E-4     -562.3413251903477
8.943089430894309E-4     -974.0037464252957
9.146341463414634E-4     -1124.6826503806983
9.349593495934959E-4     -974.0037464252987
9.552845528455285E-4     -562.3413251903495
9.75609756097561E-4      -1.1018712062762272E-12
9.959349593495934E-4     562.3413251903442
0.001016260162601626     974.0037464252936
0.0010365853658536586    1124.6826503806983
0.001056910569105691     974.0037464252988
0.0010772357723577235    562.341325190353
0.0010975609756097562    1.2396051070607556E-12
0.0011178861788617887    -562.3413251903474
0.0011382113821138211    -974.0037464252956
0.0011585365853658536    -1124.6826503806983
0.001178861788617886     -974.0037464252988
0.0011991869918699188    -562.3413251903497
0.0012195121951219512    -1.377339007845284E-12
0.0012398373983739837    562.3413251903439
0.0012601626016260164    974.0037464252955
0.0012804878048780488    1124.6826503806983
0.0013008130081300813    974.0037464252989
0.0013211382113821138    562.34132519035
0.0013414634146341462    5.5107483449469204E-12
0.001361788617886179     -562.3413251903472
0.0013821138211382114    -974.0037464252935
0.0014024390243902438    -1124.6826503806983
0.0014227642276422765    -974.0037464252971
0.001443089430894309     -562.3413251903534
0.0014634146341463415    -1.6528068094143405E-12
0.001483739837398374     562.3413251903437
0.0015040650406504064    974.0037464252954
0.001524390243902439     1124.6826503806983
0.0015447154471544715    974.003746425299
0.001565040650406504     562.341325190357
0.0015853658536585367    -2.205134726118239E-12
0.0016056910569105692    -562.341325190347
0.0016260162601626016    -974.0037464252933
0.001646341463414634     -1124.6826503806983
0.0016666666666666666    -974.0037464253012
0.0016869918699186992    -562.3413251903537
0.0017073170731707317    -1.9282746109833975E-12
0.0017276422764227642    562.3413251903434
0.0017479674796747969    974.0037464252952
0.0017682926829268293    1124.6826503806983
0.0017886178861788618    974.0037464252993
0.0018089430894308943    562.3413251903572
0.0018292682926829267    6.061683948085034E-12
0.0018495934959349594    -562.3413251903468
0.0018699186991869919    -974.0037464252932
0.0018902439024390243    -1124.6826503806983
0.001910569105691057     -974.0037464252973
0.0019308943089430895    -562.3413251903539
0.001951219512195122     -2.2037424125524543E-12
0.0019715447154471546    562.3413251903502
0.001991869918699187     974.0037464252911
0.0020121951219512196    1124.6826503806983
0.002032520325203252     974.0037464253033
0.0020528455284552845    562.3413251903576
0.002073170731707317     -1.6541991229801256E-12
0.0020934959349593494    -562.3413251903396
0.002113821138211382     -974.0037464252931
0.002134146341463415     -1124.6826503806983
0.002154471544715447     -974.0037464253014
0.0021747967479674797    -562.3413251903542
0.0021951219512195124    -2.479210214121511E-12
0.0022154471544715447    562.3413251903429
0.0022357723577235773    974.0037464252949
0.0022560975609756096    1124.6826503806983
0.0022764227642276423    974.0037464252995
0.002296747967479675     562.3413251903507
0.002317073170731707     6.6126195512231476E-12
0.00233739837398374      -562.3413251903463
0.002357723577235772     -974.003746425293
0.002378048780487805     -1124.6826503806983
0.0023983739837398375    -974.0037464252975
0.0024186991869918698    -562.3413251903613
0.0024390243902439024    -2.754678015690568E-12
0.002459349593495935     562.3413251903496
0.0024796747967479674    974.0037464252908
0.0025                   1124.6826503806983
0.0025203252032520327    974.0037464252996
0.002540650406504065     562.341325190351
0.0025609756097560977    -1.1032635198420122E-12
0.00258130081300813      -562.3413251903391
0.0026016260162601626    -974.0037464252927
0.0026219512195121953    -1124.6826503806983
0.0026422764227642275    -974.0037464252977
0.00266260162601626      -562.3413251903477
0.0026829268292682925    -1.1021496689893841E-11
0.002703252032520325     562.3413251903424
0.002723577235772358     974.0037464252947
0.00274390243902439      1124.6826503806983
0.0027642276422764228    974.0037464253038
0.0027845528455284554    562.3413251903444
0.0028048780487804877    7.163555154361261E-12
0.0028252032520325204    -562.3413251903457
0.002845528455284553     -974.0037464252966
0.0028658536585365853    -1124.6826503806983
0.002886178861788618     -974.0037464253019
0.0029065040650406502    -562.341325190355
0.002926829268292683     -3.305613618828681E-12
0.0029471544715447156    562.3413251903492
0.002967479674796748     974.0037464252906
0.0029878048780487805    1124.6826503806983
0.003008130081300813     974.0037464252999
0.0030284552845528455    562.3413251903515
0.003048780487804878     -5.523279167038986E-13
0.0030691056910569104    -562.3413251903387
0.003089430894308943     -974.0037464252924
0.0031097560975609758    -1124.6826503806983
0.003130081300813008     -974.003746425306
0.0031504065040650407    -562.3413251903482
0.0031707317073170734    4.410269452236478E-12
0.0031910569105691056    562.341325190342
0.0032113821138211383    974.0037464252945
0.0032317073170731706    1124.6826503806983
0.0032520325203252032    974.003746425304
