% Model:              
% Version:            COMSOL 5.2.1.229
% Date:               Aug 11 2017, 18:26
% Table:              Velocity Liner - V Liner (aveop1(w))
% Time (s)               aveop1(w) (m/s)
0                        4.860837125495533E-68
2.032520325203252E-5     -3.4400497320047714E-40
4.065040650406504E-5     -8.400447950040257E-34
6.097560975609756E-5     -1.2101889429263796E-28
8.130081300813008E-5     4.1274964226686286E-23
1.016260162601626E-4     7.93352333869199E-20
1.2195121951219512E-4    1.3984537990584737E-18
1.4227642276422764E-4    -3.55867502141998E-16
1.6260162601626016E-4    -4.316215545248075E-14
1.8292682926829268E-4    3.3219228105678903E-12
2.032520325203252E-4     -1.9458163464401222E-12
2.2357723577235772E-4    -1.207937529417924E-9
2.4390243902439024E-4    -1.1902093431817843E-8
2.6422764227642276E-4    -1.300757017932091E-8
2.845528455284553E-4     5.469515502729177E-7
3.048780487804878E-4     5.433592521955306E-6
3.252032520325203E-4     2.9788322574340923E-5
3.4552845528455285E-4    1.102512718159151E-4
3.6585365853658537E-4    2.664687577541185E-4
3.861788617886179E-4     2.6455764260470806E-4
4.065040650406504E-4     -3.6233300974656955E-4
4.268292682926829E-4     -9.574140999380363E-4
4.4715447154471545E-4    5.685172888164813E-4
4.6747967479674797E-4    8.418255811496817E-4
4.878048780487805E-4     -0.0016325092765841513
5.08130081300813E-4      0.0016130654215795515
5.284552845528455E-4     -0.0022093831538585566
5.487804878048781E-4     0.0028378290210335365
5.691056910569106E-4     -0.004202214558297975
5.89430894308943E-4      0.0012727015004600824
6.097560975609756E-4     -0.0019795441605809953
6.300813008130082E-4     -0.15377451328312625
6.504065040650406E-4     -0.40733129605595614
6.707317073170731E-4     -0.6370101093930838
6.910569105691057E-4     -0.7239433032909797
7.113821138211383E-4     -0.6474694183687492
7.317073170731707E-4     -0.41230481140015
7.520325203252032E-4     -0.025029229075340796
7.723577235772358E-4     0.44193143374390204
7.926829268292683E-4     0.8036823556231312
8.130081300813008E-4     0.9999941849065581
8.333333333333333E-4     0.9279648395448836
8.536585365853659E-4     0.5767943658218116
8.739837398373984E-4     0.14406610881037754
8.943089430894309E-4     -0.27021830134734526
9.146341463414634E-4     -0.5984227640819537
9.349593495934959E-4     -0.7475844649844993
9.552845528455285E-4     -0.7427063793070209
9.75609756097561E-4      -0.5046130744807873
9.959349593495934E-4     -0.09615977810841823
0.001016260162601626     0.36426191953723336
0.0010365853658536586    0.6961150115573886
0.001056910569105691     0.8516878099546751
0.0010772357723577235    0.8354251088316887
0.0010975609756097562    0.6057560115055843
0.0011178861788617887    0.2035309792623583
0.0011382113821138211    -0.2505400272756867
0.0011585365853658536    -0.6308786795129485
0.001178861788617886     -0.7872523482986914
0.0011991869918699188    -0.7504379159914779
0.0012195121951219512    -0.5137044843179588
0.0012398373983739837    -0.13021669360300597
0.0012601626016260164    0.2994184077767525
0.0012804878048780488    0.6482062707757607
0.0013008130081300813    0.816333411636153
0.0013211382113821138    0.825332720694944
0.0013414634146341462    0.5945310316413964
0.001361788617886179     0.19609101204966387
0.0013821138211382114    -0.2693865148264889
0.0014024390243902438    -0.6291200694319905
0.0014227642276422765    -0.7708515147023107
0.001443089430894309     -0.7545916651621692
0.0014634146341463415    -0.541754093096733
0.001483739837398374     -0.17570236133797285
0.0015040650406504064    0.2615771259169934
0.001524390243902439     0.649762889390423
0.0015447154471544715    0.817879029122258
0.001565040650406504     0.8025009000256049
0.0015853658536585367    0.5678816731953263
0.0016056910569105692    0.17412904673424268
0.0016260162601626016    -0.2643400217287573
0.001646341463414634     -0.6163945723271689
0.0016666666666666666    -0.7776134050770234
0.0016869918699186992    -0.7730543435916857
0.0017073170731707317    -0.5636362728630664
0.0017276422764227642    -0.1824813286848874
0.0017479674796747969    0.2770357492423536
0.0017682926829268293    0.6474958394775072
0.0017886178861788618    0.8019816556316608
0.0018089430894308943    0.7888325527833032
0.0018292682926829267    0.5600420591924532
0.0018495934959349594    0.18794374486638818
0.0018699186991869919    -0.2522835617813809
0.0018902439024390243    -0.6277334869950255
0.001910569105691057     -0.785104172229727
0.0019308943089430895    -0.7760731548749895
0.001951219512195122     -0.5503414347471117
0.0019715447154471546    -0.1587764650697616
0.001991869918699187     0.27815753161231505
0.0020121951219512196    0.6393448096358377
0.002032520325203252     0.7980899182833743
0.0020528455284552845    0.7939637555966348
0.002073170731707317     0.5761561487256207
0.0020934959349593494    0.187736469376746
0.002113821138211382     -0.26870424189869646
0.002134146341463415     -0.626870687940932
0.002154471544715447     -0.7863370819376595
0.0021747967479674797    -0.7667453519605574
0.0021951219512195124    -0.5452144358594344
0.0022154471544715447    -0.17217790229281596
0.0022357723577235773    0.2696470094662408
0.0022560975609756096    0.6406811948530599
0.0022764227642276423    0.8042232943366685
0.002296747967479675     0.8013539016636335
0.002317073170731707     0.5684435086439168
0.00233739837398374      0.17385676127212302
0.002357723577235772     -0.2674001071308303
0.002378048780487805     -0.6268282799151028
0.0023983739837398375    -0.7822117792151921
0.0024186991869918698    -0.7739308341293822
0.0024390243902439024    -0.559466288429287
0.002459349593495935     -0.17815830621347545
0.0024796747967479674    0.2680776846149307
0.0025                   0.6447678391821231
0.0025203252032520327    0.8052331180205399
0.002540650406504065     0.7916891949082084
0.0025609756097560977    0.5649207661870741
0.00258130081300813      0.1816707258854542
0.0026016260162601626    -0.2623204512946004
0.0026219512195121953    -0.6245972500692046
0.0026422764227642275    -0.7857392211292745
0.00266260162601626      -0.7773142554300154
0.0026829268292682925    -0.5529733952755952
0.002703252032520325     -0.1735326115558166
0.002723577235772358     0.2727125931400731
0.00274390243902439      0.6435079205342434
0.0027642276422764228    0.7987160275925609
0.0027845528455284554    0.793258944884477
0.0028048780487804877    0.570760005873888
0.0028252032520325204    0.18421514517390672
0.002845528455284553     -0.26033493800133517
0.0028658536585365853    -0.6302761796661792
0.002886178861788618     -0.7877922978042757
0.0029065040650406502    -0.773170714156761
0.002926829268292683     -0.5495308694801861
0.0029471544715447156    -0.1718931864845257
0.002967479674796748     0.2676616275226779
0.0029878048780487805    0.6400111751221025
0.003008130081300813     0.8017151941314079
0.0030284552845528455    0.795769376601944
0.003048780487804878     0.5707332209233669
0.0030691056910569104    0.1858849942096987
0.003089430894308943     -0.2635939208791507
0.0031097560975609758    -0.6279773080157223
0.003130081300813008     -0.7773824567954662
0.0031504065040650407    -0.7698146468074212
0.0031707317073170734    -0.5510666430760406
0.0031910569105691056    -0.17161018845959455
0.0032113821138211383    0.2711102669179524
0.0032317073170731706    0.6434220363383162
0.0032520325203252032    0.804921684498882
