% Model:              
% Version:            COMSOL 5.2.1.229
% Date:               Aug 14 2017, 12:27
% Table:              Ave P Plane Acoustic - P plane ac (aveop3(p2))
% Time (s)               Average Pressure Plane Acoustic (Pa)
0                        6.772790733941734E-10
9.090909090909092E-5     0.0031654502862411074
1.8181818181818183E-4    0.03319719246583064
2.7272727272727274E-4    -0.38146319683260715
3.6363636363636367E-4    0.33045812129084734
4.545454545454546E-4     1.1652625305092688
5.454545454545455E-4     17.079327745211604
6.363636363636364E-4     30.152439310765295
7.272727272727273E-4     30.52261761112587
8.181818181818183E-4     26.861317281273166
9.090909090909092E-4     10.54385995494501
0.001                    -3.8751688612168773
0.001090909090909091     -9.206313171477843
0.0011818181818181819    -6.153330854886045
0.0012727272727272728    -2.0986695220084823
0.0013636363636363637    0.04064194549047915
0.0014545454545454547    1.211898330043575
0.0015454545454545456    1.9178485088106623
0.0016363636363636365    2.641794411636717
0.0017272727272727275    2.4133003351620688
0.0018181818181818184    1.8407148340536539
0.0019090909090909093    -0.15902008268219908
0.002                    -1.7769829672136386
0.002090909090909091     -2.8820840705239714
0.002181818181818182     -2.950362980828977
0.002272727272727273     -1.7008004112376955
0.0023636363636363638    0.19167860137514814
0.002454545454545455     1.9865509933226235
0.0025454545454545456    2.914489678721746
0.0026363636363636368    3.030392998680496
0.0027272727272727275    1.8354029372653593
0.0028181818181818186    -0.12368302848232605
0.0029090909090909093    -1.8765314878334889
0.003                    -2.983858794865985
0.003090909090909091     -3.098743385228915
0.003181818181818182     -1.764034845468803
0.003272727272727273     0.3121140284050387
0.003363636363636364     1.956812859471514
0.003454545454545455     3.0396637014342662
0.0035454545454545456    3.073381334637842
0.003636363636363637     1.672376105976951
0.0037272727272727275    -0.2072917002552156
0.0038181818181818187    -1.9053672994867306
0.00390909090909091      -2.9427933080924453
0.004                    -3.1023392479993963
0.004090909090909091     -1.7180102006369868
0.004181818181818182     0.2317609493768184
0.0042727272727272735    1.89310560742473
0.004363636363636364     2.9682058897181705
0.004454545454545455     3.140157240844216
0.004545454545454546     1.7959829593431724
0.004636363636363636     -0.23581603335299486
0.0047272727272727275    -1.9089514705089738
0.004818181818181819     -2.9498255706758396
0.00490909090909091      -3.186038299937054
0.005                    -1.7125874622515809
0.005090909090909091     0.3433230660468697
0.005181818181818182     1.8791010207952366
0.0052727272727272735    2.994536703191339
0.005363636363636364     3.108998789436746
0.005454545454545455     1.6797486421571268
0.005545454545454546     -0.23982671758995924
0.005636363636363637     -1.7727878243459065
0.0057272727272727275    -2.930933275408948
0.005818181818181819     -3.0825356125978485
0.00590909090909091      -1.7086174566591796
0.006                    0.26609481199459967
0.006090909090909091     1.8981358970344544
0.006181818181818182     3.007536881513861
0.006272727272727274     3.132127988742422
0.006363636363636364     1.7409431420868697
0.006454545454545455     -0.18995233405112366
0.006545454545454546     -1.827457880706916
0.006636363636363637     -2.9434429146558223
0.006727272727272728     -3.0917597716062826
0.006818181818181819     -1.7117608421113202
0.00690909090909091      0.27896444345608423
0.007000000000000001     1.9043829705906092
0.007090909090909091     3.0216806541518477
0.0071818181818181824    3.096393381247661
0.007272727272727274     1.742664689231154
0.007363636363636364     -0.2268582739572258
0.007454545454545455     -1.8453918281162411
0.007545454545454546     -2.977889674405305
0.007636363636363637     -3.157972513059229
0.007727272727272728     -1.7019639745232302
0.00781818181818182      0.3177921078951097
0.007909090909090909     1.843023582380852
0.008                    2.9686813791459823
0.008090909090909091     3.095823511992389
0.008181818181818182     1.6793821961727609
0.008272727272727274     -0.2357618552647945
0.008363636363636365     -1.8220020123365144
0.008454545454545456     -2.9341335986321084
0.008545454545454547     -3.1330366513629855
0.008636363636363636     -1.7163997636067208
0.008727272727272728     0.2622283962381054
0.008818181818181819     1.7821663796069032
0.00890909090909091      3.016856789002874
0.009000000000000001     3.0803452334693797
0.009090909090909092     1.7141919695223802
0.009181818181818183     -0.20754565180532822
0.009272727272727273     -1.8428060585267383
0.009363636363636364     -2.987727514040652
0.009454545454545455     -3.1143792004864794
0.009545454545454546     -1.7350386748351694
0.009636363636363637     0.22215140197219865
0.009727272727272729     1.8850750657321698
0.00981818181818182      2.9696437925299595
0.00990909090909091      3.0729571625381227
0.01                     1.741631205088011
0.010090909090909091     -0.23144915638113672
0.010181818181818183     -1.8824999957640889
0.010272727272727274     -2.8935634721668375
0.010363636363636365     -3.13369636133507
0.010454545454545456     -1.7470123592602762
0.010545454545454547     0.2734273644953548
0.010636363636363637     1.9085384244369243
0.010727272727272728     2.988463014620933
0.010818181818181819     3.1297060984569707
0.01090909090909091      1.7401069042815505
0.011000000000000001     -0.24951290841212323
0.011090909090909092     -1.7767741748272363
0.011181818181818183     -2.9847440790651447
0.011272727272727275     -3.058517944394546
0.011363636363636364     -1.6579155963110361
0.011454545454545455     0.270123504109231
0.011545454545454546     1.8384539727095746
0.011636363636363637     3.0373807815503655
0.011727272727272729     3.079356276463579
0.01181818181818182      1.6785532927429425
0.01190909090909091      -0.15264080954485892
0.012                    -1.749590245141665
0.012090909090909091     -2.9793963802889576
0.012181818181818183     -3.096764226832076
0.012272727272727274     -1.6589839516192884
0.012363636363636365     0.1873204534636414
0.012454545454545456     1.8794836208465049
0.012545454545454547     3.0418879977207656
0.012636363636363638     3.067445376340521
0.012727272727272728     1.7453112193709315
0.012818181818181819     -0.1416983598409711
0.01290909090909091      -1.897441456497263
0.013000000000000001     -2.9333070906449903
0.013090909090909092     -3.1539008772208783
0.013181818181818183     -1.7448290744749724
0.013272727272727275     0.29992393577115395
0.013363636363636364     1.9003346284241027
0.013454545454545455     2.9768832171246284
0.013545454545454546     3.0764185054076085
0.013636363636363637     1.7140235747658958
