% Model:              
% Version:            COMSOL 5.2.1.229
% Date:               Aug 11 2017, 21:21
% Table:              Pressure Mic 1 - 
% Time (s)               Pressure (Pa), Point: 15
0                        1.7272622441394224E-5
1.388888888888889E-4     8.556409373304898
2.777777777777778E-4     49.26035351455116
4.1666666666666664E-4    310.1933184257878
5.555555555555556E-4     504.0402731963663
6.944444444444445E-4     561.3754771782311
8.333333333333333E-4     467.34938431083
9.722222222222222E-4     293.4376460731214
0.0011111111111111111    90.99610228507596
0.00125                  17.84519961347328
0.001388888888888889     -34.095689261619064
0.0015277777777777779    -50.445538333084166
0.0016666666666666666    -52.415779877954904
0.0018055555555555555    -84.480492161741
0.0019444444444444444    -61.54650946091467
0.0020833333333333333    -5.584646657368023
0.0022222222222222222    40.12007266355613
0.002361111111111111     50.97444672995517
0.0025                   50.53317779938738
0.002638888888888889     79.83178566194935
0.002777777777777778     63.6725539628583
0.002916666666666667     8.858900863757198
0.0030555555555555557    -38.41883684945856
0.0031944444444444446    -48.98299051035706
0.003333333333333333     -51.6999566343429
0.003472222222222222     -83.81004782839062
0.003611111111111111     -59.43366689587697
0.00375                  -5.584621714467002
0.0038888888888888888    41.8916397664142
0.004027777777777778     49.99222057128627
0.004166666666666667     48.13718698249762
0.0043055555555555555    81.00762902648512
0.0044444444444444444    61.63573368002606
0.004583333333333333     10.749150559834622
0.004722222222222222     -40.35801374279448
0.004861111111111111     -50.55958878700454
0.005                    -52.00365954950816
0.005138888888888889     -81.12568906842067
0.005277777777777778     -60.49566157756937
0.005416666666666667     -6.895008995967023
0.005555555555555556     42.933128104620195
0.005694444444444445     49.64245662372311
0.005833333333333334     48.759161589795504
0.0059722222222222225    80.30705999461678
0.006111111111111111     62.75448691788689
0.00625                  9.472042816229516
0.006388888888888889     -38.986097394546015
0.006527777777777778     -50.04872985233381
0.006666666666666666     -52.370128115643574
0.006805555555555555     -81.98350258455707
0.006944444444444444     -60.696679190795265
0.007083333333333333     -6.050440888022924
0.007222222222222222     42.147634893898605
0.007361111111111111     50.167869494225776
0.0075                   47.99233411240632
0.007638888888888889     81.69762701921502
0.0077777777777777776    61.249252465742174
0.007916666666666667     9.517101146813323
0.008055555555555555     -39.152504844516685
0.008194444444444445     -49.58906975719203
0.008333333333333333     -52.39973824341641
0.008472222222222223     -81.97143224118398
0.008611111111111111     -59.16497377747458
0.00875                  -7.182257762654641
0.008888888888888889     42.539554688477025
0.009027777777777777     50.12989838961909
0.009166666666666667     48.8243891159822
0.009305555555555555     79.86867606574596
0.009444444444444445     63.259404067596165
0.009583333333333333     9.869634482388454
0.009722222222222222     -39.83247773556161
0.00986111111111111      -49.675458152916214
0.01                     -51.80706152349891
0.010138888888888888     -82.28274706362264
0.010277777777777778     -60.675986112757926
0.010416666666666666     -5.455569168467277
0.010555555555555556     41.54184039681245
0.010694444444444444     50.2896573449714
0.010833333333333334     49.1361641041249
0.010972222222222222     80.7974593179399
0.011111111111111112     62.20461205393076
0.01125                  9.78231989203814
0.01138888888888889      -39.01093172768587
0.011527777777777777     -50.11717753665161
0.011666666666666667     -51.522312628412564
0.011805555555555555     -82.28719611285064
0.011944444444444445     -60.13592829773381
0.012083333333333333     -5.952599189047375
0.012222222222222223     41.712164799885315
0.012361111111111111     50.057460203795955
0.0125                   48.65698749571962
0.012638888888888889     80.66244202468621
0.012777777777777779     62.00584173918132
0.012916666666666667     9.548821543733121
0.013055555555555556     -38.703324082053555
0.013194444444444444     -49.9574525490474
0.013333333333333332     -51.707789608735226
0.013472222222222222     -82.04865643948949
0.01361111111111111      -60.011139667225194
0.01375                  -6.2437914370318115
0.013888888888888888     42.35110186040477
0.014027777777777778     50.04016274533165
0.014166666666666666     48.23837384002261
0.014305555555555556     81.09091923938132
0.014444444444444444     61.67439557767841
0.014583333333333334     9.729110874848944
0.014722222222222222     -38.83810560764303
0.014861111111111111     -50.18103654019007
0.015                    -51.58818633933954
0.01513888888888889      -82.4614967607073
0.015277777777777777     -60.89247481264899
0.015416666666666667     -6.054730254138115
0.015555555555555555     41.69437362224337
0.015694444444444445     50.27684936460381
0.015833333333333335     48.428259937021146
0.01597222222222222      80.93436376756435
0.01611111111111111      62.02785630470401
0.01625                  9.730811827088628
0.01638888888888889      -39.129914225052296
0.016527777777777777     -49.70001930615215
0.016666666666666666     -51.566876213966694
0.016805555555555556     -82.46374079823228
0.016944444444444446     -59.84968094960954
0.017083333333333332     -5.823781060135594
0.017222222222222222     42.29384556730168
0.017361111111111112     50.194803133185005
0.0175                   48.19098468520732
0.017638888888888888     80.9166582766748
0.017777777777777778     62.42540743786094
0.017916666666666668     9.760907519440078
0.018055555555555554     -39.31051946381645
0.018194444444444444     -49.781642558264075
0.018333333333333333     -51.81366117635235
0.018472222222222223     -81.95005552849803
0.01861111111111111      -60.319872307280654
0.01875                  -6.255857709442322
0.01888888888888889      42.42282613406042
0.01902777777777778      50.0661943477318
0.019166666666666665     48.44719490479195
0.019305555555555555     80.78197834546441
0.019444444444444445     62.24845687702094
0.019583333333333335     9.398481622998025
0.01972222222222222      -39.178487177453505
0.01986111111111111      -49.525105721887584
0.02                     -52.293897506392234
0.02013888888888889      -81.98838118428624
0.020277777777777777     -60.38846789158098
0.020416666666666666     -6.207549910873575
0.020555555555555556     42.54494306044306
0.020694444444444446     49.94094758542136
0.020833333333333332     47.97121396342271
0.020972222222222222     81.19873530538383
0.021111111111111112     62.52546333787296
0.02125                  9.339951489688378
0.021388888888888888     -39.39144872395908
0.021527777777777778     -50.00696443425899
0.021666666666666667     -52.23360708030026
0.021805555555555557     -82.6344448081735
0.021944444444444444     -59.31777077788166
0.022083333333333333     -6.599313829876857
0.022222222222222223     42.012820134691296
