% Model:              
% Version:            COMSOL 5.2.1.229
% Date:               Aug 11 2017, 18:36
% Table:              Pressure Mic 2 - 
% Time (s)               Pressure (Pa), Point: 14
0                        1.8834694347523393E-19
1.6339869281045753E-5    -1.3818678440444151E-11
3.2679738562091506E-5    1.19133747518859E-9
4.901960784313726E-5     -9.289397257070339E-8
6.535947712418301E-5     6.533697946321922E-6
8.169934640522877E-5     -2.7823138008708785E-5
9.803921568627452E-5     -0.0019372867040479433
1.1437908496732027E-4    -0.014608192459135229
1.3071895424836603E-4    -0.03704641337899547
1.4705882352941178E-4    0.033614290329162605
1.6339869281045753E-4    0.3203987403060824
1.7973856209150329E-4    -0.3697001764270706
1.9607843137254904E-4    -5.268302472242714
2.124183006535948E-4     -8.40232465585208
2.2875816993464054E-4    6.786564105452264
2.4509803921568627E-4    3.199140540281175
2.6143790849673205E-4    -7.4085857827012855
2.7777777777777783E-4    6.625122820406995
2.9411764705882356E-4    1.6087784718127514
3.104575163398693E-4     -18.983838367873265
3.2679738562091506E-4    159.02035994492013
3.4313725490196084E-4    397.75674517451364
3.5947712418300657E-4    547.6904468701046
3.758169934640523E-4     538.7900103613871
3.921568627450981E-4     395.08141371191624
4.0849673202614386E-4    136.79064823587078
4.248366013071896E-4     -152.60175556323642
4.411764705882353E-4     -404.13330963999874
4.575163398692811E-4     -545.7376134936671
4.7385620915032687E-4    -540.0004448070958
4.901960784313725E-4     -392.49263100737323
5.065359477124183E-4     -136.02111126900311
5.228758169934641E-4     148.63365363172176
5.392156862745099E-4     404.58309489330554
5.555555555555557E-4     546.1253771088406
5.718954248366013E-4     539.6351633228606
5.882352941176471E-4     396.1327442017194
6.045751633986929E-4     135.10635307714367
6.209150326797386E-4     -155.8532666018369
6.372549019607843E-4     -404.4894485906157
6.535947712418301E-4     -542.8898849765243
6.699346405228759E-4     -537.3594410960247
6.862745098039217E-4     -401.1565227318182
7.026143790849674E-4     -139.90664775049123
7.189542483660131E-4     154.55290268481303
7.352941176470589E-4     396.9685273112399
7.516339869281046E-4     548.259511114531
7.679738562091504E-4     540.2371476226347
7.843137254901962E-4     394.45148596121
8.006535947712419E-4     140.19622072058138
8.169934640522877E-4     -147.0359312155106
8.333333333333334E-4     -408.75112644370074
8.496732026143792E-4     -539.1862726290855
8.66013071895425E-4      -529.8477306562078
8.823529411764706E-4     -423.93483827795467
8.986928104575164E-4     -52.458673673841886
9.150326797385622E-4     419.58979005579204
9.31372549019608E-4      762.8530998806456
9.477124183006537E-4     855.503831504235
9.640522875816994E-4     707.1273167062216
9.80392156862745E-4      350.5642653841944
9.967320261437909E-4     -98.79174515906658
0.0010130718954248366    -546.2009411635631
0.0010294117647058824    -825.2897840820917
0.0010457516339869282    -878.5498729254745
0.001062091503267974     -673.6973779196636
0.0010784313725490198    -272.95537595903977
0.0010947712418300655    220.49915594833158
0.0011111111111111113    661.6585985638596
0.0011274509803921569    927.9813845179584
0.0011437908496732027    961.9603922052629
0.0011601307189542485    760.6896825197358
0.0011764705882352942    386.8546190199124
0.00119281045751634      -94.71931315112514
0.0012091503267973858    -554.2415035975803
0.0012254901960784316    -852.5688184983395
0.0012418300653594771    -920.1910026103545
0.001258169934640523     -731.8237272326046
0.0012745098039215687    -331.9778104699123
0.0012908496732026145    164.21483387130434
0.0013071895424836603    615.0854202632253
0.001323529411764706     895.4359938259071
0.0013398692810457518    931.2332080779083
0.0013562091503267976    731.6872602501223
0.0013725490196078434    348.78337790140455
0.001388888888888889     -135.49508673468338
0.0014052287581699347    -584.3191015270829
0.0014215686274509805    -876.5855186541035
0.0014379084967320263    -935.7715149424555
0.001454248366013072     -748.1269467330015
0.0014705882352941178    -361.3035184739349
0.0014869281045751636    143.25473536085508
0.0015032679738562092    602.9962136998208
0.001519607843137255     890.5110604160391
0.0015359477124183007    936.9226270767391
0.0015522875816993465    735.3112834053411
0.0015686274509803923    349.2030963872772
0.001584967320261438     -137.56237663361614
0.0016013071895424839    -584.3783853015295
0.0016176470588235296    -875.4775869261078
0.0016339869281045754    -930.3038271788979
0.001650326797385621     -742.6315755225346
0.0016666666666666668    -355.0130796537101
0.0016830065359477126    136.90148748069154
0.0016993464052287583    596.2606729872296
0.0017156862745098041    885.1510251951627
0.00173202614379085      935.5198454107888
0.0017483660130718957    738.2596354147581
0.0017647058823529412    350.98676582392255
0.001781045751633987     -138.43169689388878
0.0017973856209150328    -592.6721793110652
0.0018137254901960786    -881.6513375999205
0.0018300653594771244    -933.3370545015732
0.0018464052287581701    -743.3749038352819
0.001862745098039216     -354.35526698108936
0.0018790849673202617    138.62526365958993
0.0018954248366013075    591.5762325903627
0.001911764705882353     880.807077846791
0.0019281045751633988    934.5662129445847
0.0019444444444444446    740.9291221040831
0.00196078431372549      357.25265555751463
0.001977124183006536     -137.03049623400355
0.0019934640522875817    -589.7696016682984
0.0020098039215686275    -885.2957561826174
0.0020261437908496733    -938.8226966839114
0.002042483660130719     -742.2429049247493
0.002058823529411765     -351.68575437948164
0.0020751633986928106    141.47029785507692
0.0020915032679738564    594.6892343568308
0.002107843137254902     880.4454146644049
0.002124183006535948     931.3910792751648
0.0021405228758169938    740.8132413021871
0.0021568627450980395    359.8547011035308
0.0021732026143790853    -132.16863902311434
0.002189542483660131     -588.6747692539333
0.002205882352941177     -885.242257217118
0.0022222222222222227    -941.2472988117986
0.002238562091503268     -746.3710140968012
0.0022549019607843138    -352.9646448231649
0.0022712418300653596    145.36445820333623
0.0022875816993464053    596.0214557754144
0.002303921568627451     882.5243629789243
0.002320261437908497     931.5914020948735
0.0023366013071895427    740.1976095033111
0.0023529411764705885    356.6751800092135
0.0023692810457516342    -130.2475828851796
0.00238562091503268      -584.4657544919916
0.002401960784313726     -883.6859447605984
0.0024183006535947716    -940.2932102603509
0.0024346405228758174    -746.3756039244157
0.002450980392156863     -354.64212494283527
0.002467320261437909     145.70944672217354
0.0024836601307189543    599.691831952578
0.0025                   883.8384786200745
0.002516339869281046     930.1336886099676
0.0025326797385620916    738.0335438199056
0.0025490196078431374    354.4352619863733
0.002565359477124183     -134.045704489782
0.002581699346405229     -585.2224617720116
0.0025980392156862747    -879.9713663727741
0.0026143790849673205    -938.666625536097
