% Model:              
% Version:            COMSOL 5.2.1.229
% Date:               Aug 14 2017, 13:03
% Table:              Pressure incident Inlet - Pin
% Time (s)               Incident pressure (Pa), Point: 16
0                        0
3.508771929824562E-5     37.17480344601846
7.017543859649124E-5     60.150095500754574
1.0526315789473686E-4    60.150095500754574
1.4035087719298247E-4    37.174803446018466
1.7543859649122808E-4    7.745346429080777E-15
2.1052631578947372E-4    -37.17480344601847
2.456140350877193E-4     -60.150095500754574
2.8070175438596495E-4    -60.15009550075458
3.157894736842106E-4     -37.17480344601842
3.5087719298245617E-4    -1.5490692858161554E-14
3.859649122807018E-4     37.17480344601849
4.2105263157894745E-4    60.15009550075459
4.5614035087719303E-4    60.15009550075458
4.912280701754386E-4     37.17480344601847
5.263157894736843E-4     -8.911063170721213E-14
5.614035087719299E-4     -37.17480344601844
5.964912280701755E-4     -60.15009550075457
6.315789473684212E-4     -60.15009550075455
6.666666666666668E-4     -37.17480344601848
7.017543859649123E-4     -3.098138571632311E-14
7.36842105263158E-4      37.17480344601852
7.719298245614036E-4     60.1500955007546
8.070175438596492E-4     60.15009550075459
8.421052631578949E-4     37.174803446018394
8.771929824561405E-4     -7.361993884905058E-14
9.122807017543861E-4     -37.17480344601842
9.473684210526316E-4     -60.15009550075457
9.824561403508772E-4     -60.15009550075459
0.001017543859649123     -37.17480344601831
0.0010526315789473686    1.7822126341442426E-13
0.0010877192982456142    37.174803446018416
0.0011228070175438598    60.15009550075456
0.0011578947368421054    60.150095500754595
0.001192982456140351     37.1748034460185
0.0012280701754385965    5.421742500356543E-14
0.0012631578947368423    -37.17480344601859
0.001298245614035088     -60.15009550075463
0.0013333333333333335    -60.150095500754595
0.001368421052631579     -37.17480344601851
0.0014035087719298247    -6.196277143264621E-14
0.0014385964912280703    37.17480344601841
0.001473684210526316     60.150095500754624
0.0015087719298245616    60.150095500754524
0.0015438596491228072    37.17480344601833
0.0015789473684210528    6.970811786172698E-14
0.0016140350877192984    -37.1748034460184
0.001649122807017544     -60.15009550075455
0.0016842105263157898    -60.15009550075453
0.0017192982456140354    -37.17480344601834
0.001754385964912281     1.4723987769810116E-13
0.0017894736842105265    37.17480344601858
0.0018245614035087721    60.15009550075455
0.0018596491228070177    60.15009550075453
0.0018947368421052633    37.17480344601853
0.001929824561403509     -1.3949453126902037E-13
0.0019649122807017545    -37.17480344601839
0.002                    -60.15009550075449
0.002035087719298246     -60.150095500754475
0.0020701754385964916    -37.174803446018345
0.0021052631578947372    3.564425268288485E-13
0.002140350877192983     37.174803446018565
0.0021754385964912284    60.150095500754546
0.002210526315789474     60.15009550075454
0.0022456140350877196    37.17480344601854
0.002280701754385965     -1.240038384108588E-13
0.0023157894736842107    -37.17480344601837
0.0023508771929824563    -60.15009550075462
0.002385964912280702     -60.15009550075461
0.0024210526315789475    -37.17480344601872
0.002456140350877193     -1.0843485000713086E-13
0.002491228070175439     37.17480344601855
0.0025263157894736847    60.15009550075468
0.0025614035087719303    60.15009550075454
0.002596491228070176     37.17480344601818
0.0026315789473684214    -1.0851314555269727E-13
0.002666666666666667     -37.17480344601836
0.0027017543859649126    -60.15009550075461
0.002736842105263158     -60.15009550075462
0.0027719298245614038    -37.17480344601837
0.0028070175438596493    -1.2392554286529243E-13
0.002842105263157895     37.17480344601854
0.0028771929824561405    60.15009550075454
0.002912280701754386     60.15009550075469
0.002947368421052632     37.174803446018196
0.0029824561403508777    -9.302245269453571E-14
0.0030175438596491233    -37.17480344601871
0.003052631578947369     -60.1500955007546
0.0030877192982456145    -60.15009550075449
0.00312280701754386      -37.17480344601839
0.0031578947368421056    -1.3941623572345396E-13
0.003192982456140351     37.17480344601853
0.003228070175438597     60.15009550075453
0.0032631578947368424    60.15009550075455
0.003298245614035088     37.17480344601858
0.0033333333333333335    3.7185492414144367E-13
0.0033684210526315796    -37.1748034460187
0.003403508771929825     -60.1500955007546
0.0034385964912280707    -60.15009550075449
0.0034736842105263163    -37.1748034460184
0.003508771929824562     2.944797553962023E-13
0.0035438596491228075    37.174803446018515
0.003578947368421053     60.15009550075467
0.0036140350877192987    60.150095500754695
0.0036491228070175442    37.174803446018586
0.00368421052631579      -6.204106697821262E-14
0.0037192982456140354    -37.174803446018686
0.003754385964912281     -60.15009550075446
0.0037894736842105266    -60.15009550075463
0.0038245614035087726    -37.17480344601841
0.003859649122807018     2.7898906253804074E-13
0.0038947368421052638    37.17480344601886
0.003929824561403509     60.150095500754524
0.0039649122807017545    60.15009550075456
0.004                    37.17480344601896
0.004035087719298246     4.0283630985776674E-13
0.004070175438596492     -37.17480344601904
0.004105263157894738     -60.15009550075459
0.004140350877192983     -60.1500955007545
0.004175438596491229     -37.17480344601806
0.0042105263157894745    7.12885053657697E-13
0.00424561403508772      37.17480344601849
0.004280701754385966     60.15009550075466
0.004315789473684211     60.15009550075443
0.004350877192982457     37.174803446018615
0.004385964912280702     -3.105968126188951E-14
0.004421052631578948     -37.17480344601866
0.0044561403508771935    -60.15009550075472
0.004491228070175439     -60.15009550075464
0.004526315789473685     -37.17480344601844
0.00456140350877193      2.480076768217176E-13
0.004596491228070176     37.17480344601811
0.0046315789473684215    60.15009550075451
0.004666666666666667     60.150095500754574
0.004701754385964913     37.17480344601826
0.004736842105263158     4.3381769557408986E-13
0.004771929824561404     -37.17480344601829
0.004807017543859649     -60.15009550075458
0.004842105263157895     -60.15009550075479
0.0048771929824561406    -37.174803446018814
0.004912280701754386     -2.1686970001426171E-13
0.004947368421052633     37.17480344601919
0.004982456140350878     60.150095500754645
0.005017543859649124     60.15009550075444
0.005052631578947369     37.17480344601791
0.005087719298245615     -7.829554556640664E-17
0.0051228070175438605    -37.174803446018636
0.005157894736842106     -60.150095500754716
0.005192982456140352     -60.150095500754375
0.005228070175438597     -37.174803446018466
0.005263157894736843     2.1702629110539455E-13
