% Model:              
% Version:            COMSOL 5.2.1.229
% Date:               Aug 14 2017, 13:03
% Table:              Av vel Plane Acoustic - V plane ac (aveop3(actd.a_inst/(2*pi*f0)))
% Time (s)               Average Velocity Plane Acoustic (m/s^2)
0                        2.4411065575510486E-14
3.508771929824562E-5     -1.024955791851144E-6
7.017543859649124E-5     2.0049332324356206E-4
1.0526315789473686E-4    -0.01024518954673582
1.4035087719298247E-4    0.16329024507722695
1.7543859649122808E-4    2.124280812109289
2.1052631578947372E-4    -3.2157363960895564
2.456140350877193E-4     -49.0143927883766
2.8070175438596495E-4    -101.06326340233782
3.157894736842106E-4     30.284303445498605
3.5087719298245617E-4    184.407468570473
3.859649122807018E-4     -275.52203603162855
4.2105263157894745E-4    310.25417266317606
4.5614035087719303E-4    -700.738792711068
4.912280701754386E-4     -1150.2530236938544
5.263157894736843E-4     -456.0410473366757
5.614035087719299E-4     404.2998099019812
5.964912280701755E-4     932.5303623643593
6.315789473684212E-4     1393.4644993242882
6.666666666666668E-4     1265.6835065231787
7.017543859649123E-4     378.6571845024813
7.36842105263158E-4      -190.59851673109307
7.719298245614036E-4     -269.4088789576916
8.070175438596492E-4     -1227.3215559336984
8.421052631578949E-4     -1726.670990653765
8.771929824561405E-4     -1421.4048576109453
9.122807017543861E-4     -155.32028377510366
9.473684210526316E-4     1092.87142604386
9.824561403508772E-4     1868.8777128398299
0.001017543859649123     2123.891977427916
0.0010526315789473686    1379.5190641225417
0.0010877192982456142    49.40278877480088
0.0011228070175438598    -1338.6834131345279
0.0011578947368421054    -2220.126715366714
0.001192982456140351     -2398.8858000624796
0.0012280701754385965    -1542.1904763666948
0.0012631578947368423    -270.78445856254405
0.001298245614035088     1216.2695104387253
0.0013333333333333335    2166.969313362154
0.001368421052631579     2472.7723578256932
0.0014035087719298247    1628.1352982645485
0.0014385964912280703    322.46789655616624
0.001473684210526316     -1098.3412337067798
0.0015087719298245616    -2212.886924331516
0.0015438596491228072    -2277.718913704998
0.0015789473684210528    -1661.9693251324632
0.0016140350877192984    -322.697951424104
0.001649122807017544     1102.7342513844003
0.0016842105263157898    2156.936166445915
0.0017192982456140354    2278.432377280793
0.001754385964912281     1640.8569899597655
0.0017894736842105265    298.92559173643116
0.0018245614035087721    -1137.7754391423905
0.0018596491228070177    -2135.234827970096
0.0018947368421052633    -2317.7962039581475
0.001929824561403509     -1603.4184251745385
0.0019649122807017545    -303.12830747605324
0.002                    1159.9740652449893
0.002035087719298246     2135.4528396495734
0.0020701754385964916    2300.6675802046175
0.0021052631578947372    1688.0020393900754
0.002140350877192983     259.7816631896363
0.0021754385964912284    -1114.1302603055217
0.002210526315789474     -2099.180731858852
0.0022456140350877196    -2378.0243125049906
0.002280701754385965     -1583.0460987317053
0.0023157894736842107    -325.40710097227003
0.0023508771929824563    1138.500807595113
0.002385964912280702     2111.961931215727
0.0024210526315789475    2348.699462778224
0.002456140350877193     1582.2952582539313
0.002491228070175439     326.0876896872215
0.0025263157894736847    -1149.4995450139786
0.0025614035087719303    -2122.8110901656314
0.002596491228070176     -2339.429396081739
0.0026315789473684214    -1621.470482911136
0.002666666666666667     -296.76078216026957
0.0027017543859649126    1079.4077784692643
0.002736842105263158     2170.7496238548615
0.0027719298245614038    2303.3682970058353
0.0028070175438596493    1595.7205895959855
0.002842105263157895     338.46618309326726
0.0028771929824561405    -1162.8267621503308
0.002912280701754386     -2125.083163350287
0.002947368421052632     -2316.069138321426
0.0029824561403508777    -1625.4316515940448
0.0030175438596491233    -301.03922068745794
0.003052631578947369     1131.2984271398657
0.0030877192982456145    2133.9453564676933
0.00312280701754386      2317.0586428855795
0.0031578947368421056    1632.0605842465532
0.003192982456140351     308.4239459116628
0.003228070175438597     -1117.5324697929198
0.0032631578947368424    -2147.4764039681622
0.003298245614035088     -2295.465698013591
0.0033333333333333335    -1638.6058069718438
0.0033684210526315796    -289.39255354317834
0.003403508771929825     1140.7201585075368
0.0034385964912280707    2110.3300466327046
0.0034736842105263163    2356.633393863643
0.003508771929824562     1585.4827536160772
0.0035438596491228075    328.84437364640957
0.003578947368421053     -1128.8519185078057
0.0036140350877192987    -2129.2354454575866
0.0036491228070175442    -2317.287946454036
0.00368421052631579      -1608.2066405524922
0.0037192982456140354    -312.4246882193562
0.003754385964912281     1125.880630480996
0.0037894736842105266    2132.797738565278
0.0038245614035087726    2328.373871735769
0.003859649122807018     1615.1212903416088
0.0038947368421052638    312.3864070764
0.003929824561403509     -1110.6581006587314
0.0039649122807017545    -2139.2351495574735
0.004                    -2315.677986465844
0.004035087719298246     -1602.4722741110622
0.004070175438596492     -346.9530915829623
0.004105263157894738     1156.6433194103492
0.004140350877192983     2111.479025161401
0.004175438596491229     2324.6534544656593
0.0042105263157894745    1619.9517123746143
0.00424561403508772      320.5559919973031
0.004280701754385966     -1115.6513383668687
0.004315789473684211     -2144.8683574919723
0.004350877192982457     -2301.622986952698
0.004385964912280702     -1627.3287251094805
0.004421052631578948     -320.7578314925929
0.0044561403508771935    1132.032474920847
0.004491228070175439     2125.7328098255202
0.004526315789473685     2314.8883777327087
0.00456140350877193      1630.9361872250336
0.004596491228070176     308.96464531757334
0.0046315789473684215    -1105.6550307071993
0.004666666666666667     -2135.583830489681
0.004701754385964913     -2318.523671882007
0.004736842105263158     -1608.7180381381404
0.004771929824561404     -341.32130216651444
0.004807017543859649     1134.6923875348
0.004842105263157895     2116.586217468148
0.0048771929824561406    2326.0411773053015
0.004912280701754386     1625.7434679738712
0.004947368421052633     307.7216098063486
0.004982456140350878     -1101.4389259211234
0.005017543859649124     -2148.544057890515
0.005052631578947369     -2316.3357363063888
0.005087719298245615     -1611.8728354428072
0.0051228070175438605    -324.6173087020996
0.005157894736842106     1123.5181141436262
0.005192982456140352     2133.6888109174824
0.005228070175438597     2310.9227559888855
0.005263157894736843     1625.8237936481728
