% Model:              
% Version:            COMSOL 5.2.1.229
% Date:               Aug 14 2017, 12:47
% Table:              Pressure Mic 2 - 
% Time (s)               Pressure (Pa), Point: 14
0                        9.287660307991927E-11
5.405405405405406E-5     0.001279198173214563
1.0810810810810812E-4    -0.042163890790884895
1.6216216216216218E-4    -0.12190430066998435
2.1621621621621624E-4    -0.5185617896096679
2.7027027027027033E-4    -0.8165287425753077
3.2432432432432436E-4    3.7424256288091122
3.783783783783784E-4     20.06918527527378
4.324324324324325E-4     30.650563475815485
4.8648648648648657E-4    29.507075885778427
5.405405405405407E-4     16.866538362532832
5.945945945945946E-4     -1.9767781458223659
6.486486486486487E-4     -19.833296993284147
7.027027027027028E-4     -30.048391186435477
7.567567567567568E-4     -29.72506827440948
8.108108108108109E-4     -15.926692513768193
8.64864864864865E-4      1.13632897056412
9.18918918918919E-4      27.418517701147223
9.729729729729731E-4     43.1248320808921
0.0010270270270270271    38.72407511800273
0.0010810810810810813    21.591829184966056
0.0011351351351351353    1.3294016349480802
0.0011891891891891893    -13.068354795516692
0.0012432432432432435    -19.650759123404953
0.0012972972972972974    -16.116879213937782
0.0013513513513513514    -7.20399140215841
0.0014054054054054056    3.805752386621984
0.0014594594594594596    11.930552402132909
0.0015135135135135136    14.498647579718003
0.0015675675675675678    11.22597234594226
0.0016216216216216218    3.056316007091405
0.001675675675675676     -6.1781921716336905
0.00172972972972973      -12.36188576305139
0.001783783783783784     -14.021158604077732
0.001837837837837838     -10.117239685248288
0.001891891891891892     -2.4737203985154355
0.0019459459459459463    6.862418696584039
0.002                    12.643425183756388
0.0020540540540540542    14.321389889142798
0.0021081081081081084    10.009525062407763
0.0021621621621621626    2.371903272154186
0.0022162162162162164    -6.866891993720246
0.0022702702702702706    -12.94351975393697
0.0023243243243243248    -14.135291370147076
0.0023783783783783785    -10.154663500369114
0.0024324324324324327    -2.27033728374265
0.002486486486486487     6.8660113011549635
0.0025405405405405407    12.934644357910063
0.002594594594594595     14.311558891917956
0.002648648648648649     10.154990310560429
0.002702702702702703     2.37338187631095
0.002756756756756757     -6.881694613035007
0.0028108108108108112    -12.79317259700648
0.002864864864864865     -14.281570722214909
0.002918918918918919     -10.155599035991882
0.0029729729729729734    -2.370681013570723
0.003027027027027027     6.863407646643816
0.0030810810810810814    12.918685401162007
0.0031351351351351356    14.168616472202
0.0031891891891891897    10.311983925216834
0.0032432432432432435    2.2913778488158147
0.0032972972972972977    -6.801262111576637
0.003351351351351352     -12.985036059310731
0.0034054054054054057    -14.161862862486664
0.00345945945945946      -10.204825713388392
0.003513513513513514     -2.345312940141476
0.003567567567567568     6.852960993144816
0.003621621621621622     12.938552609193474
0.003675675675675676     14.276193737410493
0.00372972972972973      10.26758694733573
0.003783783783783784     2.3002330892522496
0.0038378378378378384    -6.875880438110162
0.0038918918918918926    -12.970342737170936
0.003945945945945947     -14.181407772610466
0.004                    -10.27222919362416
0.004054054054054054     -2.295243492653107
0.0041081081081081085    6.766203540939258
0.004162162162162163     13.012292857919883
0.004216216216216217     14.214914560770682
0.004270270270270271     10.344325342309055
0.004324324324324325     2.2270288124127506
0.004378378378378379     -6.783598738777496
0.004432432432432433     -12.9431144948553
0.004486486486486487     -14.135320429181045
0.004540540540540541     -10.261152831696435
0.004594594594594595     -2.2592339999869933
0.0046486486486486496    6.868909886324951
0.004702702702702703     12.978711577824132
0.004756756756756757     14.175197530973847
0.004810810810810811     10.372594029287095
0.0048648648648648655    2.2998612806373284
0.00491891891891892      -6.7829023992821815
0.004972972972972974     -12.971918885092775
0.005027027027027027     -14.082722758474207
0.005081081081081081     -10.253206835559025
0.005135135135135136     -2.2615540226295474
0.00518918918918919      6.857922081887593
0.005243243243243244     12.971833330423195
0.005297297297297298     14.166852076286158
0.005351351351351352     10.396347258310639
0.005405405405405406     2.2426022996970327
0.00545945945945946      -6.82828162668679
0.005513513513513514     -12.96891671837256
0.005567567567567568     -14.037386523216213
0.0056216216216216225    -10.219344628008304
0.005675675675675677     -2.177447776407486
0.00572972972972973      6.9229508382102685
0.005783783783783784     13.024988870394836
0.005837837837837838     14.21956089456278
0.005891891891891893     10.345404294698556
0.005945945945945947     2.280688739671559
0.006000000000000001     -6.765362222053973
0.006054054054054054     -12.926732518832324
0.0061081081081081085    -14.04474874499368
0.006162162162162163     -10.265883127822057
0.006216216216216217     -2.2288277211700387
0.006270270270270271     6.797784128003407
0.006324324324324325     13.024457591468188
0.0063783783783783795    14.171948661200084
0.006432432432432433     10.266947169165801
0.006486486486486487     2.2936097471055232
0.006540540540540541     -6.746473119810239
0.006594594594594595     -12.8188301216741
0.00664864864864865      -14.091692968363631
0.006702702702702704     -10.253843013829428
0.006756756756756757     -2.2999402499390746
0.006810810810810811     6.7804592703548465
0.0068648648648648655    13.019848676730351
0.00691891891891892      14.194545106619525
0.006972972972972974     10.3382646099102
0.007027027027027028     2.274156465566836
0.007081081081081082     -6.714312918706525
0.007135135135135136     -12.861797474173965
0.00718918918918919      -14.079164028676026
0.007243243243243244     -10.257037685645066
0.007297297297297298     -2.275486419159804
0.007351351351351352     6.834555136948119
0.007405405405405407     12.996861720850122
0.00745945945945946      14.298290118128667
0.007513513513513514     10.353032001519493
0.007567567567567568     2.3327047886277765
0.0076216216216216225    -6.732155711798039
0.007675675675675677     -12.917398090481319
0.007729729729729731     -14.15225596028032
0.007783783783783785     -10.251012664713606
0.00783783783783784      -2.2309234714439703
0.007891891891891894     6.817698654197748
0.007945945945945948     13.030968890934737
0.008                    14.280400502286252
0.008054054054054054     10.346499939679262
0.008108108108108109     2.2837901424302682
