% Model:              
% Version:            COMSOL 5.2.1.229
% Date:               Aug 14 2017, 13:12
% Table:              Pressure Liner - (aveop1(p))
% Time (s)               aveop1(p) (Pa)
0                        -8.488048586058306E-51
2.9850746268656717E-5    -7.721034483080468E-27
5.9701492537313435E-5    -1.507041511460517E-19
8.955223880597016E-5     -2.7706148287150385E-13
1.1940298507462687E-4    -2.0249826668901513E-10
1.4925373134328358E-4    1.650174016985034E-8
1.791044776119403E-4     -8.529492638267201E-7
2.08955223880597E-4      9.32150473194802E-6
2.3880597014925374E-4    2.89082508763138E-4
2.6865671641791044E-4    5.321142586278223E-4
2.9850746268656717E-4    -0.011918326041451497
3.283582089552239E-4     -0.09504733925519573
3.582089552238806E-4     -0.3589481701171292
3.8805970149253735E-4    -0.7242887018219646
4.17910447761194E-4      -0.42518290353796073
4.4776119402985075E-4    0.8076622316499019
4.776119402985075E-4     -0.24248799231684595
5.074626865671642E-4     -0.5482002760645893
5.373134328358209E-4     0.8046840760867155
5.671641791044777E-4     -0.43682145244438914
5.970149253731343E-4     -0.818671420615442
6.268656716417911E-4     24.069638139266914
6.567164179104478E-4     43.7241777247065
6.865671641791045E-4     44.95886871101138
7.164179104477612E-4     24.643560395053143
7.462686567164179E-4     -4.37368049905567
7.761194029850747E-4     -29.704282974777314
8.059701492537314E-4     -40.82219931580057
8.35820895522388E-4      -33.8675694499017
8.656716417910448E-4     -10.71143898758112
8.955223880597015E-4     19.861453331438845
9.253731343283583E-4     45.345154727636334
9.55223880597015E-4      54.51633421272713
9.850746268656716E-4     44.103990619083156
0.0010149253731343284    17.668427337647696
0.0010447761194029852    -16.148524678570027
0.0010746268656716418    -44.56119742786006
0.0011044776119402985    -55.70782254333383
0.0011343283582089553    -47.23499982510794
0.0011641791044776119    -21.416864698491192
0.0011940298507462687    11.560423796728049
0.0012238805970149255    40.48532129826913
0.0012537313432835822    52.70203245499601
0.0012835820895522388    44.4005212474297
0.0013134328358208956    19.31329349825325
0.0013432835820895524    -12.567748958354866
0.001373134328358209     -40.47140965796407
0.0014029850746268657    -52.21837411461892
0.0014328358208955225    -43.8306922754017
0.001462686567164179     -18.642608096515914
0.0014925373134328358    13.378305557965149
0.0015223880597014926    41.30701889477766
0.0015522388059701494    53.19751812651463
0.001582089552238806     44.316612708804904
0.0016119402985074627    18.94548618165633
0.0016417910447761195    -13.690168454663898
0.001671641791044776     -41.08062408724219
0.0017014925373134329    -53.205490385360505
0.0017313432835820897    -45.0206701477364
0.0017611940298507462    -19.30602832416079
0.001791044776119403     13.003429665449467
0.0018208955223880598    40.75954612759877
0.0018507462686567166    53.087063893741245
0.0018805970149253731    44.76020758306759
0.00191044776119403      19.05899447503793
0.0019402985074626867    -13.445615359592278
0.0019701492537313433    -40.92663593576955
0.002                    -52.75608519272743
0.002029850746268657     -44.72830500314625
0.0020597014925373136    -19.351640981519797
0.0020895522388059704    13.3216550053959
0.0021194029850746267    40.95079033436125
0.0021492537313432835    52.75512187224826
0.0021791044776119403    44.67675812572798
0.002208955223880597     19.114831784957943
0.002238805970149254     -13.394307705527826
0.0022686567164179106    -41.013035289696106
0.0022985074626865674    -52.64203491210015
0.0023283582089552238    -44.810550468405026
0.0023582089552238806    -19.586788340345105
0.0023880597014925373    13.158185685953539
0.002417910447761194     41.01712487290587
0.002447761194029851     52.73329287571289
0.0024776119402985077    44.665326441593486
0.0025074626865671645    19.374562237154215
0.002537313432835821     -13.357984942316293
0.0025671641791044776    -41.05658423088132
0.0025970149253731344    -52.842144427119926
0.002626865671641791     -44.55686504112666
0.002656716417910448     -19.71768397559827
0.0026865671641791047    13.125371556727721
0.002716417910447761     40.94370627332555
0.002746268656716418     52.9887600099222
0.0027761194029850746    44.42679281050994
0.0028059701492537314    19.464253891472044
0.002835820895522388     -13.300926646640228
0.002865671641791045     -40.938666666312315
0.0028955223880597018    -52.98564778684482
0.002925373134328358     -44.59137224713724
0.002955223880597015     -19.607887587980613
0.0029850746268656717    12.953158827862516
0.0030149253731343285    40.840341114579964
0.0030447761194029852    52.960582762283025
0.003074626865671642     44.69258188004186
0.003104477611940299     19.23205924409291
0.003134328358208955     -13.139182130583585
0.003164179104477612     -40.98156808347751
0.0031940298507462687    -52.82758775125803
0.0032238805970149255    -44.79668229652323
0.0032537313432835823    -19.4500376049173
0.003283582089552239     12.892798569677135
0.003313432835820896     40.89829678004378
0.003343283582089552     52.83250772639046
0.003373134328358209     44.74679960692272
0.0034029850746268657    19.184186422896765
0.0034328358208955225    -13.265114908468446
0.0034626865671641793    -40.85012177861662
0.003492537313432836     -52.827902938110874
0.0035223880597014924    -44.75964105569494
0.0035522388059701492    -19.66261368700414
0.003582089552238806     13.07600677090968
0.003611940298507463     40.75093878138983
0.0036417910447761196    52.877718792603766
0.0036716417910447764    44.63708163375031
0.003701492537313433     19.495225479877497
0.0037313432835820895    -13.351484008321794
0.0037611940298507463    -40.710433311285726
0.003791044776119403     -52.89219921370994
0.00382089552238806      -44.73984329041606
0.0038507462686567166    -19.812453932119706
0.0038805970149253734    13.098456251813102
0.00391044776119403      40.81498707341374
0.0039402985074626865    52.87374110580171
0.003970149253731343     44.64640044322293
0.004                    19.492798964313394
0.004029850746268657     -13.201510714337454
0.004059701492537314     -40.91227842597152
0.00408955223880597      -52.761823144375796
0.004119402985074627     -44.724762475852685
0.004149253731343284     -19.700927003187854
0.004179104477611941     12.855697116994103
0.0042089552238805976    40.901226901343854
0.0042388059701492535    52.86495752857577
0.00426865671641791      44.653464737594284
0.004298507462686567     19.407476691619614
0.004328358208955224     -13.077656096586926
0.004358208955223881     -40.95490653158761
0.004388059701492537     -52.813121620334414
0.004417910447761194     -44.66334945334081
0.004447761194029851     -19.70242619860531
0.004477611940298508     12.81931748471701
