% Model:              
% Version:            COMSOL 5.2.1.229
% Date:               Aug 14 2017, 13:12
% Table:              Ave P Plane Acoustic - P plane ac (aveop3(p2))
% Time (s)               Average Pressure Plane Acoustic (Pa)
0                        1.4395668413191803E-17
2.9850746268656717E-5    -1.381320202921096E-10
5.9701492537313435E-5    8.552954124007054E-8
8.955223880597016E-5     -1.790480725782013E-6
1.1940298507462687E-4    -7.854923456808662E-5
1.4925373134328358E-4    3.305334525985313E-4
1.791044776119403E-4     0.00991469217734224
2.08955223880597E-4      0.06675062541565359
2.3880597014925374E-4    0.2568111952983341
2.6865671641791044E-4    0.6153099360821995
2.9850746268656717E-4    0.5923696089207945
3.283582089552239E-4     -0.5234186979309965
3.582089552238806E-4     -0.03838606738670121
3.8805970149253735E-4    0.24816750142837454
4.17910447761194E-4      0.11998406704223287
4.4776119402985075E-4    -1.0387992496904412
4.776119402985075E-4     11.775823761856755
5.074626865671642E-4     26.51773093398312
5.373134328358209E-4     31.555305424647496
5.671641791044777E-4     23.93329719747892
5.970149253731343E-4     8.386231726639629
6.268656716417911E-4     -11.147599563639108
6.567164179104478E-4     -27.188497578356444
6.865671641791045E-4     -30.895630892519748
7.164179104477612E-4     -25.070496201899804
7.462686567164179E-4     -7.686870294984502
7.761194029850747E-4     23.223993571860653
8.059701492537314E-4     43.17278559286757
8.35820895522388E-4      43.926962988056694
8.656716417910448E-4     24.960570505944013
8.955223880597015E-4     -3.558963488672147
9.253731343283583E-4     -28.395330707500904
9.55223880597015E-4      -39.22288412739213
9.850746268656716E-4     -32.85577806938203
0.0010149253731343284    -10.14017409555342
0.0010447761194029852    19.293463431226012
0.0010746268656716418    43.861835252249165
0.0011044776119402985    52.59504740930555
0.0011343283582089553    42.82165839893456
0.0011641791044776119    17.32023729959116
0.0011940298507462687    -15.296222892773601
0.0012238805970149255    -43.1186846171383
0.0012537313432835822    -54.23660340697806
0.0012835820895522388    -46.027807926640534
0.0013134328358208956    -21.08427402426269
0.0013432835820895524    11.030684277584369
0.001373134328358209     39.07837096032928
0.0014029850746268657    51.0711885043111
0.0014328358208955225    43.22783739463512
0.001462686567164179     19.325495115120468
0.0014925373134328358    -11.9706802407914
0.0015223880597014926    -39.04431328166117
0.0015522388059701494    -50.59283145079261
0.001582089552238806     -42.53148816846482
0.0016119402985074627    -18.125271556721863
0.0016417910447761195    12.873947231924577
0.001671641791044776     39.899809863208816
0.0017014925373134329    51.64765264581951
0.0017313432835820897    43.199992942463666
0.0017611940298507462    18.729320154641727
0.001791044776119403     -12.818872303669833
0.0018208955223880598    -39.75296367797814
0.0018507462686567166    -51.611614817513086
0.0018805970149253731    -43.63574120763641
0.00191044776119403      -18.789230625275046
0.0019402985074626867    12.65196574585067
0.0019701492537313433    39.496173405850364
0.002                    51.39538504977755
0.002029850746268657     43.53669924505002
0.0020597014925373136    18.7536233823348
0.0020895522388059704    -12.663331819739094
0.0021194029850746267    -39.52936141229147
0.0021492537313432835    -51.24218658806704
0.0021791044776119403    -43.45751703305319
0.002208955223880597     -18.840531119097893
0.002238805970149254     12.795829320937084
0.0022686567164179106    39.545782900803474
0.0022985074626865674    51.170859547005186
0.0023283582089552238    43.601024167840286
0.0023582089552238806    18.96579851017942
0.0023880597014925373    -12.694930234573311
0.002417910447761194     -39.56071419155486
0.002447761194029851     -51.104391581113894
0.0024776119402985077    -43.52368847851097
0.0025074626865671645    -19.12565219774957
0.002537313432835821     12.804183016314846
0.0025671641791044776    39.687647840057345
0.0025970149253731344    51.25269903015526
0.002626865671641791     43.390697903909206
0.002656716417910448     19.172815733321507
0.0026865671641791047    -12.693831115141949
0.002716417910447761     -39.655110667609115
0.002746268656716418     -51.2543114273714
0.0027761194029850746    -43.31196587942801
0.0028059701492537314    -19.209601156308306
0.002835820895522388     12.652597518678615
0.002865671641791045     39.66072028478178
0.0028955223880597018    51.36072042518005
0.002925373134328358     43.337482929924114
0.002955223880597015     19.16123118813369
0.0029850746268656717    -12.500692743527399
0.0030149253731343285    -39.569609246940196
0.0030447761194029852    -51.2994918817737
0.003074626865671642     -43.408878657705074
0.003104477611940299     -18.999633969050016
0.003134328358208955     12.508231866492714
0.003164179104477612     39.666531354694285
0.0031940298507462687    51.30539055234513
0.0032238805970149255    43.47447179234605
0.0032537313432835823    18.95335874626911
0.003283582089552239     -12.466511094916388
0.003313432835820896     -39.6074776227612
0.003343283582089552     -51.31611002080982
0.003373134328358209     -43.46007866950308
0.0034029850746268657    -18.95617672094173
0.0034328358208955225    12.54319047494118
0.0034626865671641793    39.53610755621794
0.003492537313432836     51.35986955256373
0.0035223880597014924    43.54023011294233
0.0035522388059701492    19.074154218415824
0.003582089552238806     -12.58673776757665
0.003611940298507463     -39.421656089901525
0.0036417910447761196    -51.30082517494298
0.0036716417910447764    -43.48462958760272
0.003701492537313433     -19.17583678953513
0.0037313432835820895    12.638510828844057
0.0037611940298507463    39.4291285499938
0.003791044776119403     51.34683828569741
0.00382089552238806      43.528221631032125
0.0038507462686567166    19.228741208192716
0.0038805970149253734    -12.610068695572776
0.00391044776119403      -39.42378127343204
0.0039402985074626865    -51.22674265709249
0.003970149253731343     -43.49696415108218
0.004                    -19.156475734729575
0.004029850746268657     12.612740819430728
0.004059701492537314     39.60301359552624
0.00408955223880597      51.243508305955146
0.004119402985074627     43.51189062379126
0.004149253731343284     19.210516232251237
0.004179104477611941     -12.480100587046982
0.0042089552238805976    -39.565517471279875
0.0042388059701492535    -51.27276505961241
0.00426865671641791      -43.44065846501521
0.004298507462686567     -19.16868538480336
0.004328358208955224     12.455341742069301
0.004358208955223881     39.6092908145936
0.004388059701492537     51.29131524066609
0.004417910447761194     43.45172605437347
0.004447761194029851     19.250348874914835
0.004477611940298508     -12.411576399340653
