% Model:              
% Version:            COMSOL 5.2.1.229
% Date:               Aug 11 2017, 18:21
% Table:              Pressure Mic 1 - 
% Time (s)               Pressure (Pa), Point: 15
0                        3.0443141698959346E-13
2.3148148148148147E-5    5.711038069926379E-6
4.6296296296296294E-5    -3.081655038488287E-4
6.944444444444444E-5     0.014845915295699997
9.259259259259259E-5     0.05995053993684011
1.1574074074074073E-4    -0.5123173694143544
1.388888888888889E-4     -3.122694187071223
1.6203703703703703E-4    -4.10010095395674
1.8518518518518518E-4    7.618836517588542
2.0833333333333332E-4    -0.43900873228842696
2.3148148148148146E-4    -4.120645074437747
2.546296296296296E-4     0.5780411256212405
2.777777777777778E-4     221.586252403729
3.009259259259259E-4     443.8781982121868
3.2407407407407406E-4    563.6360327574673
3.472222222222222E-4     514.170401438533
3.7037037037037035E-4    338.83928242936804
3.935185185185185E-4     68.51224794667083
4.1666666666666664E-4    -222.01698261118645
4.398148148148148E-4     -448.087547680833
4.629629629629629E-4     -559.054310593187
4.861111111111111E-4     -517.1026617101039
5.092592592592592E-4     -336.60029525013186
5.324074074074073E-4     -70.7163379478284
5.555555555555556E-4     218.96778836434746
5.787037037037037E-4     452.0565257861234
6.018518518518518E-4     555.0266424221066
6.25E-4                  515.5278753572115
6.481481481481481E-4     334.56996923450885
6.712962962962962E-4     62.26012467170721
6.944444444444444E-4     -226.14654339456376
7.175925925925926E-4     -449.2291871222005
7.407407407407407E-4     -552.0160753797481
7.638888888888888E-4     -518.1937652464892
7.87037037037037E-4      -340.9595151785054
8.101851851851852E-4     -62.578577109743975
8.333333333333333E-4     217.71281811833913
8.564814814814814E-4     456.2068591332143
8.796296296296296E-4     550.7320010499232
9.027777777777777E-4     531.8029348893637
9.259259259259259E-4     323.72441350262096
9.490740740740741E-4     83.88076942324074
9.722222222222222E-4     -35.80465346303412
9.953703703703704E-4     -141.25209700334554
0.0010185185185185184    -259.19480032177603
0.0010416666666666667    -320.25010001099747
0.0010648148148148147    -305.24540477519076
0.0010879629629629629    -200.48031737450538
0.0011111111111111111    -21.447075497433172
0.0011342592592592591    198.88099575413204
0.0011574074074074073    363.45855455618323
0.0011805555555555556    436.2824143182778
0.0012037037037037036    391.9977305344303
0.0012268518518518518    248.26928596497757
0.00125                  74.4871019381173
0.001273148148148148     -112.52298184006689
0.0012962962962962963    -279.0255839929183
0.0013194444444444445    -365.5480832912708
0.0013425925925925925    -339.2381822664884
0.0013657407407407407    -221.79492192254463
0.0013888888888888887    -45.93876289201273
0.001412037037037037     155.53223951443434
0.0014351851851851852    312.49881654395824
0.0014583333333333332    407.72233194641484
0.0014814814814814814    386.82933086071387
0.0015046296296296296    250.317916675636
0.0015277777777777776    54.443563507498254
0.0015509259259259259    -138.93570581569583
0.001574074074074074     -284.6829838860504
0.001597222222222222     -371.5680183123171
0.0016203703703703703    -366.2204901972385
0.0016435185185185183    -247.99926307292353
0.0016666666666666666    -45.8917652400595
0.0016898148148148148    162.23547023039035
0.0017129629629629628    307.5769874716015
0.001736111111111111     384.75028531022207
0.0017592592592592592    374.10520760505995
0.0017824074074074072    257.7010491729103
0.0018055555555555555    68.85049494230636
0.0018287037037037037    -144.59852637155075
0.0018518518518518517    -298.5862424491505
0.001875                 -378.58625722135025
0.0018981481481481482    -360.10055474667075
0.0019212962962962962    -245.8881783020778
0.0019444444444444444    -59.91113904590621
0.0019675925925925924    150.684549736268
0.001990740740740741     307.2816565512753
0.002013888888888889     392.92532631719223
0.002037037037037037     363.0614529726379
0.0020601851851851853    248.84812884049705
0.0020833333333333333    59.496669605017885
0.0021064814814814813    -138.88009559589793
0.0021296296296296293    -297.66849141734986
0.0021527777777777778    -389.46161506850456
0.0021759259259259258    -368.26879456355107
0.0021990740740740738    -246.18291714841067
0.0022222222222222222    -46.49303968899577
0.0022453703703703702    152.21248292491293
0.0022685185185185182    302.7786365445722
0.0022916666666666667    387.1133181622315
0.0023148148148148147    370.58925370805656
0.0023379629629629627    252.9497683029991
0.002361111111111111     57.106244598585555
0.002384259259259259     -148.1925416093246
0.002407407407407407     -299.1681883347691
0.0024305555555555556    -382.64172940255173
0.0024537037037037036    -368.51028475099366
0.0024768518518518516    -252.71803692521482
0.0025                   -53.85259602586769
0.002523148148148148     154.85710126073582
0.002546296296296296     305.21022764187796
0.0025694444444444445    385.83054728623136
0.0025925925925925925    362.1399602700841
0.0026157407407407405    251.8693600400887
0.002638888888888889     59.79623042463336
0.002662037037037037     -144.3443593840627
0.002685185185185185     -301.42921424764916
0.002708333333333333     -390.45666413013316
0.0027314814814814814    -364.1120172309252
0.0027546296296296294    -247.37096095443877
0.0027777777777777775    -48.33824117313472
0.002800925925925926     148.87007666944717
0.002824074074074074     307.38188906944845
0.002847222222222222     389.5219895935354
0.0028703703703703703    365.1322874305656
0.0028935185185185184    248.31119392270824
0.0029166666666666664    51.86865456024316
0.002939814814814815     -143.93503506893882
0.002962962962962963     -300.3453660500836
0.002986111111111111     -387.9667398781075
0.0030092592592592593    -370.2973596451628
0.0030324074074074073    -247.1216457709776
0.0030555555555555553    -47.796531785548545
0.0030787037037037037    153.64557649341478
0.0031018518518518517    305.00509083399646
0.0031249999999999997    385.1658311645961
0.003148148148148148     366.2820541002227
0.003171296296296296     251.3260563660429
0.003194444444444444     55.856115650476355
0.0032175925925925926    -146.60165206805817
0.0032407407407407406    -301.2133839316131
0.0032638888888888887    -386.02131862033775
0.0032870370370370367    -366.56092583193833
0.003310185185185185     -251.33029212520498
0.003333333333333333     -49.66346165140279
0.003356481481481481     152.17248340395332
0.0033796296296296296    307.34639418206757
0.0034027777777777776    386.08562487330624
0.0034259259259259256    364.29769275834326
0.003449074074074074     249.6703258775519
0.003472222222222222     54.54766204294451
0.00349537037037037      -143.82713877521536
0.0035185185185185185    -303.38472886345915
0.0035416666666666665    -386.31768690740165
0.0035648148148148145    -367.3689566566957
0.003587962962962963     -247.68497492348405
0.003611111111111111     -49.251757390368795
0.003634259259259259     151.0642828611468
0.0036574074074074074    306.0777365723561
0.0036805555555555554    385.5614103384207
0.0037037037037037034    366.22021820116026
