% Model:              
% Version:            COMSOL 5.2.1.229
% Date:               Aug 11 2017, 18:21
% Table:              Ave v Plane Mutiphysics - 
% Time (s)               aveop2(w) (m/s)
0                        -2.795027395778471E-28
2.3148148148148147E-5    -4.462321441273252E-18
4.6296296296296294E-5    -1.9447938369508206E-15
6.944444444444444E-5     8.691088103038363E-14
9.259259259259259E-5     7.7032738957852E-13
1.1574074074074073E-4    1.5532248438709618E-10
1.388888888888889E-4     -1.3287121026581426E-8
1.6203703703703703E-4    2.1387586924823055E-7
1.8518518518518518E-4    1.847003510244065E-6
2.0833333333333332E-4    -2.0369832820995378E-5
2.3148148148148146E-4    -1.9643290365963344E-4
2.546296296296296E-4     -4.733261303908351E-4
2.777777777777778E-4     3.297089813056978E-4
3.009259259259259E-4     0.003652024175451919
3.2407407407407406E-4    0.006006200963264218
3.472222222222222E-4     -0.0020796876955253138
3.7037037037037035E-4    -0.013820989340509276
3.935185185185185E-4     0.0019991607552387928
4.1666666666666664E-4    0.013823950757615661
4.398148148148148E-4     -0.013137867694038203
4.629629629629629E-4     0.024246828652759247
4.861111111111111E-4     -0.02309055630969956
5.092592592592592E-4     0.035235840091356996
5.324074074074073E-4     -0.09269516931382898
5.555555555555556E-4     -0.6550603270294878
5.787037037037037E-4     -1.1725997207979004
6.018518518518518E-4     -1.358436862318855
6.25E-4                  -1.1796243998958273
6.481481481481481E-4     -0.6799071040770357
6.712962962962962E-4     -0.0414663605181126
6.944444444444444E-4     1.0418108433399504
7.175925925925926E-4     1.8726704293894814
7.407407407407407E-4     2.120756742176122
7.638888888888888E-4     1.7241817278799467
7.87037037037037E-4      0.8630469675729615
8.101851851851852E-4     -0.2310827610426584
8.333333333333333E-4     -1.2067450148955692
8.564814814814814E-4     -1.7966311492069598
8.796296296296296E-4     -1.8711911931124805
9.027777777777777E-4     -1.4409326503186737
9.259259259259259E-4     -0.6359441306224779
9.490740740740741E-4     0.36021324269414123
9.722222222222222E-4     1.326548455382613
9.953703703703704E-4     1.9884920810983184
0.0010185185185185184    2.0763340706751894
0.0010416666666666667    1.632581314114921
0.0010648148148148147    0.7634974818380298
0.0010879629629629629    -0.28414125026263887
0.0011111111111111111    -1.2597627002693388
0.0011342592592592591    -1.8925575198509386
0.0011574074074074073    -1.9939716260236637
0.0011805555555555556    -1.5319510605592848
0.0012037037037037036    -0.6520932574599858
0.0012268518518518518    0.3687545609391456
0.00125                  1.2893859089730666
0.001273148148148148     1.9216683942374748
0.0012962962962962963    2.046680843185849
0.0013194444444444445    1.6225150293931143
0.0013425925925925925    0.7054218699129563
0.0013657407407407407    -0.3466771015886949
0.0013888888888888887    -1.2827879469280052
0.001412037037037037     -1.8641181909227815
0.0014351851851851852    -2.0000344711460545
0.0014583333333333332    -1.5819022204171163
0.0014814814814814814    -0.6950013559180029
0.0015046296296296296    0.37613433043830413
0.0015277777777777776    1.3246476831100125
0.0015509259259259259    1.9163437932568397
0.001574074074074074     2.0235397090572134
0.001597222222222222     1.5945496133319679
0.0016203703703703703    0.7280619196246331
0.0016435185185185183    -0.3515804430930988
0.0016666666666666666    -1.2954238366648518
0.0016898148148148148    -1.909636839586367
0.0017129629629629628    -1.997919793453707
0.001736111111111111     -1.5681296814921637
0.0017592592592592592    -0.705257113178353
0.0017824074074074072    0.3468151173946571
0.0018055555555555555    1.2949022222759634
0.0018287037037037037    1.9238403800208979
0.0018518518518518517    2.0265753385968073
0.001875                 1.5794082337295345
0.0018981481481481482    0.696043741880234
0.0019212962962962962    -0.3466258035853809
0.0019444444444444444    -1.2774344014316148
0.0019675925925925924    -1.8860702443936597
0.001990740740740741     -2.016742557290627
0.002013888888888889     -1.5832144550176364
0.002037037037037037     -0.695768433715898
0.0020601851851851853    0.36299508137836806
0.0020833333333333333    1.297165778105702
0.0021064814814814813    1.9023385691083492
0.0021296296296296293    2.0235458773786674
0.0021527777777777778    1.5887809641283812
0.0021759259259259258    0.7025668735484291
0.0021990740740740738    -0.3657945055311048
0.0022222222222222222    -1.2942065153497806
0.0022453703703703702    -1.8884870514821817
0.0022685185185185182    -2.008635252206919
0.0022916666666666667    -1.5831857403305212
0.0023148148148148147    -0.7163134620630254
0.0023379629629629627    0.3561227448472613
0.002361111111111111     1.2972895224878158
0.002384259259259259     1.9169311601398298
0.002407407407407407     2.0153872508599444
0.0024305555555555556    1.577624262590276
0.0024537037037037036    0.7027624065213081
0.0024768518518518516    -0.34585000936743815
0.0025                   -1.2804152284839396
0.002523148148148148     -1.8960317769317394
0.002546296296296296     -2.009470794800909
0.0025694444444444445    -1.578033803549161
0.0025925925925925925    -0.7005589026878701
0.0026157407407407405    0.345920197976974
0.002638888888888889     1.2889043204115957
0.002662037037037037     1.9040210131264745
0.002685185185185185     2.026478354038364
0.002708333333333333     1.5766551367760084
0.0027314814814814814    0.696072885136751
0.0027546296296296294    -0.3556885706034036
0.0027777777777777775    -1.2768022568032231
0.002800925925925926     -1.886568031043011
0.002824074074074074     -2.0138496039657467
0.002847222222222222     -1.5829961519377527
0.0028703703703703703    -0.709703384031709
0.0028935185185185184    0.3603226921620534
0.0029166666666666664    1.2923778428428034
0.002939814814814815     1.908580696246586
0.002962962962962963     2.0198693890156427
0.002986111111111111     1.5826096043210929
0.0030092592592592593    0.7018865838899864
0.0030324074074074073    -0.3599001993444263
0.0030555555555555553    -1.2867876380352414
0.0030787037037037037    -1.896098587289027
0.0031018518518518517    -2.009797860152934
0.0031249999999999997    -1.5809823914102012
0.003148148148148148     -0.7087595072372186
0.003171296296296296     0.3499409535978083
0.003194444444444444     1.296206438021346
0.0032175925925925926    1.9112691283347918
0.0032407407407407406    2.0210577515384776
0.0032638888888888887    1.5793731764103363
0.0032870370370370367    0.7001552523937411
0.003310185185185185     -0.3501667877043122
0.003333333333333333     -1.2858289745300482
0.003356481481481481     -1.8917261570582784
0.0033796296296296296    -2.015680417770882
0.0034027777777777776    -1.5797379487791954
0.0034259259259259256    -0.711638052574923
0.003449074074074074     0.35405761996017593
0.003472222222222222     1.2908301460731397
0.00349537037037037      1.9095829107682454
0.0035185185185185185    2.024020503478499
0.0035416666666666665    1.583000831182239
0.0035648148148148145    0.7045386434787984
0.003587962962962963     -0.3575967009955858
0.003611111111111111     -1.2810282480965118
0.003634259259259259     -1.8967041728371044
0.0036574074074074074    -2.0110174684202695
0.0036805555555555554    -1.5838937821582304
0.0037037037037037034    -0.7089077384510314
