% Model:              
% Version:            COMSOL 5.2.1.229
% Date:               Aug 11 2017, 18:13
% Table:              Ave P Plane Multiphysics - 
% Time (s)               aveop2(p) (Pa)
0                        2.99409004715477E-22
3.205128205128205E-5     -8.238669502756147E-11
6.41025641025641E-5      -3.750769108500809E-8
9.615384615384615E-5     2.087219484257904E-6
1.282051282051282E-4     -8.459975981610857E-5
1.6025641025641026E-4    0.0012085804942353155
1.923076923076923E-4     0.013976131666334348
2.2435897435897436E-4    -0.09252955878792364
2.564102564102564E-4     -0.966383899550145
2.8846153846153843E-4    -3.0070098156208527
3.205128205128205E-4     -5.230252692829287
3.525641025641026E-4     -6.764000515385906
3.846153846153846E-4     -1.3654989465546692
4.1666666666666664E-4    9.692776506947087
4.487179487179487E-4     -4.369582063905211
4.807692307692308E-4     21.2645363200022
5.128205128205128E-4     -16.553015243666973
5.448717948717948E-4     108.24926481749556
5.769230769230769E-4     368.7279647589801
6.08974358974359E-4      541.7607242890073
6.41025641025641E-4      547.4432165059699
6.73076923076923E-4      425.3599326963686
7.051282051282052E-4     355.8161355976598
7.371794871794872E-4     158.48113339469842
7.692307692307692E-4     -106.76456412160029
8.012820512820513E-4     -344.2420930157522
8.333333333333333E-4     -465.54262010680014
8.653846153846154E-4     -425.37599910415815
8.974358974358974E-4     -245.54036378138252
9.294871794871795E-4     2.62948206038096
9.615384615384616E-4     269.1124590865121
9.935897435897436E-4     431.62090566538575
0.0010256410256410256    496.7303788367081
0.0010576923076923077    479.6286888741932
0.0010897435897435897    341.73174569401016
0.0011217948717948717    88.28661948505611
0.0011538461538461537    -189.61765707101048
0.001185897435897436     -406.970082757521
0.001217948717948718     -488.1244586822005
0.00125                  -452.30449797697577
0.001282051282051282     -289.5296980265825
0.001314102564102564     -37.991479570631455
0.001346153846153846     229.33779095497886
0.0013782051282051281    417.875810050937
0.0014102564102564104    491.10180999285774
0.0014423076923076924    466.19414033031484
0.0014743589743589744    309.44235436440573
0.0015064102564102564    59.52618211651835
0.0015384615384615385    -207.53174038805176
0.0015705128205128205    -416.7353394588238
0.0016025641025641025    -490.0871055322445
0.0016346153846153845    -453.38530361706034
0.0016666666666666666    -297.26868189774956
0.0016987179487179488    -48.47935916236918
0.0017307692307692308    221.2019560873571
0.0017628205128205128    417.8673426219698
0.0017948717948717949    487.4493751792785
0.001826923076923077     464.21899271996483
0.001858974358974359     305.7965994396485
0.001891025641025641     56.64784160234861
0.0019230769230769232    -213.95963788287054
0.001955128205128205     -416.7518729217909
0.0019871794871794872    -488.6625177380129
0.0020192307692307693    -456.57712868109684
0.0020512820512820513    -299.85358724717014
0.0020833333333333333    -48.795493011256056
0.0021153846153846153    217.18069737969887
0.0021474358974358974    416.31724104949245
0.0021794871794871794    489.07898739434626
0.0022115384615384614    461.2103464578976
0.0022435897435897434    304.36006207166577
0.0022756410256410254    55.21292076024563
0.0023076923076923075    -214.26063345665554
0.00233974358974359      -417.6742789991737
0.002371794871794872     -489.36273386552267
0.002403846153846154     -457.8236461485808
0.002435897435897436     -300.5076241561906
0.002467948717948718     -49.9367655405054
0.0025                   217.91427639386518
0.002532051282051282     416.4876273003037
0.002564102564102564     488.103862383563
0.002596153846153846     460.78453543120804
0.002628205128205128     305.31523691412116
0.00266025641025641      55.00858946441123
0.002692307692307692     -214.923232906807
0.0027243589743589742    -417.5201507975022
0.0027564102564102562    -488.54583389202276
0.0027884615384615383    -456.8041254955116
0.0028205128205128207    -299.42185763047604
0.0028525641025641028    -50.036226922579964
0.0028846153846153848    217.0497000122154
0.002916666666666667     416.92716776640776
0.002948717948717949     489.0599730593115
0.002980769230769231     460.6117436909573
0.003012820512820513     304.9482752888669
0.003044871794871795     55.76738690544406
0.003076923076923077     -215.46568825814487
0.003108974358974359     -417.5299721466863
0.003141025641025641     -487.72410141452934
0.003173076923076923     -457.49530537510475
0.003205128205128205     -300.2450977917134
0.003237179487179487     -49.9798458484335
0.003269230769230769     218.1724353011459
0.003301282051282051     415.8580452022333
0.003333333333333333     489.9823620088733
0.0033653846153846156    459.9920284660204
0.0033974358974358976    305.3092840493582
0.0034294871794871796    55.23669795058139
0.0034615384615384616    -215.5311177954777
0.0034935897435897437    -416.7143243483647
0.0035256410256410257    -488.5816291426877
0.0035576923076923077    -456.69604390563273
0.0035897435897435897    -300.76838861149554
0.0036217948717948718    -49.290712869987615
0.003653846153846154     217.8349714575962
0.003685897435897436     416.26451843523444
0.003717948717948718     489.63257549024394
0.00375                  459.6478180685607
0.003782051282051282     306.16324053871784
0.003814102564102564     54.2046915946195
0.0038461538461538464    -215.0061702267985
0.0038782051282051284    -416.7749043068947
0.00391025641025641      -488.22444558343796
0.003942307692307692     -455.52650646128143
0.0039743589743589745    -301.4624887755459
0.004006410256410256     -48.03758773689819
0.0040384615384615385    216.7641711562244
0.00407051282051282      416.3347851274498
0.0041025641025641026    489.470023459957
0.004134615384615385     459.2985296853072
0.004166666666666667     307.5971473814582
0.004198717948717949     53.6862489907589
0.004230769230769231     -213.73251421189894
0.004262820512820513     -417.50509743499146
0.004294871794871795     -487.9877982142208
0.004326923076923077     -456.69095376051916
0.004358974358974359     -302.07981597230565
0.004391025641025641     -48.684450310663095
0.004423076923076923     215.72975637907535
0.004455128205128205     417.32309214208266
0.004487179487179487     488.86996770180264
0.004519230769230769     460.30192955528884
0.004551282051282051     307.17108453899885
0.004583333333333333     53.77268743464545
0.004615384615384615     -213.27891633592435
0.004647435897435897     -417.67340687464736
0.00467948717948718      -488.04673692683383
0.0047115384615384615    -457.5952404632718
0.004743589743589744     -301.5185898442052
0.0047756410256410255    -48.545754699081435
0.004807692307692308     215.68037130844897
0.0048397435897435895    417.8702874886029
0.004871794871794872     488.436741614003
0.004903846153846154     460.84361547200695
0.004935897435897436     306.8301364604207
0.004967948717948718     53.94931681293037
0.005                    -213.0460790590447
0.005032051282051282     -418.5599023093573
0.005064102564102564     -487.01267953764307
0.005096153846153846     -457.74900659064537
0.005128205128205128     -300.6042382894707
