% Model:              
% Version:            COMSOL 5.2.1.229
% Date:               Aug 11 2017, 18:13
% Table:              Ave v Plane Mutiphysics - 
% Time (s)               aveop2(w) (m/s)
0                        -8.36055556557471E-23
3.205128205128205E-5     1.6259132286574583E-13
6.41025641025641E-5      8.720646225166321E-11
9.615384615384615E-5     -4.783743293594885E-9
1.282051282051282E-4     1.9803527902380027E-7
1.6025641025641026E-4    -2.9072839154022914E-6
1.923076923076923E-4     -3.244986888099807E-5
2.2435897435897436E-4    2.231689566672651E-4
2.564102564102564E-4     0.0022920450523871575
2.8846153846153843E-4    0.007116559833406088
3.205128205128205E-4     0.012407565100602353
3.525641025641026E-4     0.016012661511851232
3.846153846153846E-4     0.0034986550255738714
4.1666666666666664E-4    -0.018241961339230034
4.487179487179487E-4     0.030080197897789054
4.807692307692308E-4     -0.015729284867727435
5.128205128205128E-4     0.059901586065914766
5.448717948717948E-4     -0.29661973703378003
5.769230769230769E-4     -0.8877228494360716
6.08974358974359E-4      -1.286772962629137
6.41025641025641E-4      -1.3340170215176874
6.73076923076923E-4      -1.0151030217364239
7.051282051282052E-4     -0.012912934127125651
7.371794871794872E-4     0.9179046836582376
7.692307692307692E-4     1.5495182120497446
8.012820512820513E-4     1.7384128824708496
8.333333333333333E-4     1.544050461138307
8.653846153846154E-4     1.0134923377871166
8.974358974358974E-4     0.2809538655444935
9.294871794871795E-4     -0.5327505813152782
9.615384615384616E-4     -1.1386024739886027
9.935897435897436E-4     -1.5344397844716362
0.0010256410256410256    -1.4710655211754278
0.0010576923076923077    -0.8767149531811245
0.0010897435897435897    -0.05748039000956094
0.0011217948717948717    0.7555829635971569
0.0011538461538461537    1.3364877754424171
0.001185897435897436     1.5937307512559575
0.001217948717948718     1.4808028538777738
0.00125                  0.9529988665645485
0.001282051282051282     0.17622412962828027
0.001314102564102564     -0.626982851010271
0.001346153846153846     -1.23553402216941
0.0013782051282051281    -1.5736605147052274
0.0014102564102564104    -1.4752161057065878
0.0014423076923076924    -0.9212789246392553
0.0014743589743589744    -0.1228829844829677
0.0015064102564102564    0.6824723509993645
0.0015384615384615385    1.284030226001158
0.0015705128205128205    1.5752625312714827
0.0016025641025641025    1.4798725863299402
0.0016346153846153845    0.9484753672103872
0.0016666666666666666    0.15425382857600317
0.0016987179487179488    -0.6509330602101092
0.0017307692307692308    -1.2567666518689948
0.0017628205128205128    -1.575295453406358
0.0017948717948717949    -1.484181573741352
0.001826923076923077     -0.9273222002596622
0.001858974358974359     -0.1326120829007114
0.001891025641025641     0.6740954404804878
0.0019230769230769232    1.268407905129417
0.001955128205128205     1.578552410833815
0.0019871794871794872    1.4799870819395993
0.0020192307692307693    0.9459472010586516
0.0020512820512820513    0.1462734835532387
0.0020833333333333333    -0.6508031251164249
0.0021153846153846153    -1.2645632225759362
0.0021474358974358974    -1.5775960446362696
0.0021794871794871794    -1.476738735977632
0.0022115384615384614    -0.9365075030662632
0.0022435897435897434    -0.13516243283840051
0.0022756410256410254    0.6677074951484523
0.0023076923076923075    1.2689345045043403
0.00233974358974359      1.5744762553077198
0.002371794871794872     1.478523391722293
0.002403846153846154     0.9425251600483107
0.002435897435897436     0.14653928460606977
0.002467948717948718     -0.6543598704301177
0.0025                   -1.259838886978948
0.002532051282051282     -1.5798166309566608
0.002564102564102564     -1.4789806080284122
0.002596153846153846     -0.9372686734249153
0.002628205128205128     -0.13348259729603726
0.00266025641025641      0.6653495131229749
0.002692307692307692     1.267985041975221
0.0027243589743589742    1.576659974501476
0.0027564102564102562    1.4765649864545916
0.0027884615384615383    0.9463642203055872
0.0028205128205128207    0.14604558708976312
0.0028525641025641028    -0.6534660650268668
0.0028846153846153848    -1.2630676631489146
0.002916666666666667     -1.579531814156999
0.002948717948717949     -1.4761015499690593
0.002980769230769231     -0.9388553041196137
0.003012820512820513     -0.13345748054684523
0.003044871794871795     0.6679155987322809
0.003076923076923077     1.266161100402746
0.003108974358974359     1.5774596929022666
0.003141025641025641     1.4781979521729487
0.003173076923076923     0.9445874903333044
0.003205128205128205     0.14591199896059412
0.003237179487179487     -0.6576099360118242
0.003269230769230769     -1.2599079931109687
0.003301282051282051     -1.5830256988818268
0.003333333333333333     -1.475744125954245
0.0033653846153846156    -0.937402291114968
0.0033974358974358976    -0.1340411448274253
0.0034294871794871796    0.6692087342325812
0.0034615384615384616    1.2644334578482919
0.0034935897435897437    1.5807661353665425
0.0035256410256410257    1.4749294806155684
0.0035576923076923077    0.9467758265103282
0.0035897435897435897    0.14527905998726515
0.0036217948717948718    -0.6583109635722465
0.003653846153846154     -1.2587493030804544
0.003685897435897436     -1.584196018635169
0.003717948717948718     -1.473283029773686
0.00375                  -0.9410997926013289
0.003782051282051282     -0.13293997058806434
0.003814102564102564     0.6701269160897839
0.0038461538461538464    1.2622641478998726
0.0038782051282051284    1.5826726026338989
0.00391025641025641      1.4726731938742992
0.003942307692307692     0.9491428309127838
0.0039743589743589745    0.14447222596383696
0.004006410256410256     -0.6556413186502595
0.0040384615384615385    -1.2577246337582602
0.00407051282051282      -1.586245534568598
0.0041025641025641026    -1.4694491535291856
0.004134615384615385     -0.9435793197187401
0.004166666666666667     -0.12989638887363913
0.004198717948717949     0.6655538408154069
0.004230769230769231     1.2634661287922186
0.004262820512820513     1.5828255436764052
0.004294871794871795     1.470631662552584
0.004326923076923077     0.953612862831785
0.004358974358974359     0.1387677325448334
0.004391025641025641     -0.6525618081934998
0.004423076923076923     -1.2597883986451375
0.004455128205128205     -1.5848929212870002
0.004487179487179487     -1.4699459065673006
0.004519230769230769     -0.9461037269462886
0.004551282051282051     -0.12553601375806092
0.004583333333333333     0.6617623079338621
0.004615384615384615     1.2664707419729648
0.004647435897435897     1.582416233732221
0.00467948717948718      1.4699663743991878
0.0047115384615384615    0.9524986331796576
0.004743589743589744     0.1364630353906334
0.0047756410256410255    -0.6507295050607177
0.004807692307692308     -1.2624309541855452
0.0048397435897435895    -1.5833615030126786
0.004871794871794872     -1.4696961400966932
0.004903846153846154     -0.9468590918761299
0.004935897435897436     -0.1237078783587145
0.004967948717948718     0.6621224911459601
0.005                    1.268365837184908
0.005032051282051282     1.5806706204425505
0.005064102564102564     1.4716751754515782
0.005096153846153846     0.952924090147111
0.005128205128205128     0.1362956623775591
