% Model:              
% Version:            COMSOL 5.2.1.229
% Date:               Aug 11 2017, 23:20
% Table:              Pressure Mic 1 - 
% Time (s)               Pressure (Pa), Point: 15
0                        2.3627495085657768E-9
4.2553191489361704E-5    0.01640996323334834
8.510638297872341E-5     -0.036428606920752025
1.276595744680851E-4     -5.035356237457597
1.7021276595744682E-4    -15.681524926636628
2.1276595744680854E-4    4.250126620103177
2.553191489361702E-4     17.65010237551798
2.978723404255319E-4     298.3803563080909
3.4042553191489364E-4    516.3457343952211
3.8297872340425535E-4    550.1246596586383
4.2553191489361707E-4    360.0723659374221
4.6808510638297874E-4    36.71972901882903
5.106382978723404E-4     -292.5859290611039
5.531914893617022E-4     -523.4686786016704
5.957446808510638E-4     -546.8064128160141
6.382978723404256E-4     -354.0947339649225
6.808510638297873E-4     -30.144064845216
7.234042553191489E-4     297.3535440651277
7.659574468085107E-4     510.3704109712408
8.085106382978724E-4     552.1062524735502
8.510638297872341E-4     357.2330471480696
8.936170212765958E-4     46.11623638495947
9.361702127659575E-4     -306.27886103222096
9.787234042553192E-4     -361.0154778722771
0.0010212765957446808    -276.51545578039355
0.0010638297872340426    -126.00114944301505
0.0011063829787234043    116.45988416283257
0.0011489361702127661    362.53698608728075
0.0011914893617021277    494.45397746955797
0.0012340425531914894    479.4849020850395
0.0012765957446808512    237.31650966281413
0.0013191489361702128    -77.97865567434644
0.0013617021276595745    -292.84368939206075
0.0014042553191489363    -403.6066940381737
0.0014468085106382979    -375.65207893926697
0.0014893617021276596    -213.7447185067198
0.0015319148936170214    87.63311075783442
0.001574468085106383     319.5866530423948
0.0016170212765957447    451.4870854105811
0.0016595744680851065    422.0408199649904
0.0017021276595744683    222.3647659118757
0.0017446808510638298    -82.33065327996331
0.0017872340425531916    -314.0968208726365
0.0018297872340425534    -430.72849631798965
0.001872340425531915     -403.63905255131885
0.0019148936170212767    -219.79423452009817
0.0019574468085106385    87.19333020207311
0.002                    314.81971321904336
0.0020425531914893616    438.9901217582649
0.0020851063829787236    413.4850544568567
0.002127659574468085     221.53485653255436
0.002170212765957447     -84.1334774983281
0.0022127659574468087    -312.8399600840738
0.0022553191489361702    -431.87190160331727
0.0022978723404255322    -407.9105218764221
0.002340425531914894     -222.91898228450373
0.0023829787234042553    86.5354181002424
0.0024255319148936173    317.90833747915985
0.002468085106382979     438.55556190305754
0.0025106382978723404    413.52862114804213
0.0025531914893617024    222.70374631750153
0.002595744680851064     -84.70859375391952
0.0026382978723404255    -316.1240578497376
0.0026808510638297875    -436.3975732875345
0.002723404255319149     -406.0808299388852
0.0027659574468085106    -222.06457113112037
0.0028085106382978726    86.07730243677578
0.002851063829787234     318.1372366268324
0.0028936170212765957    438.0115325560012
0.0029361702127659577    413.5022035498911
0.0029787234042553193    223.49558332048233
0.003021276595744681     -84.82318302632243
0.003063829787234043     -316.73068666199106
0.0031063829787234044    -436.0103461537191
0.003148936170212766     -406.67206811738095
0.003191489361702128     -220.98631373992959
0.0032340425531914895    87.359569351591
0.003276595744680851     316.477653308049
0.003319148936170213     438.4741024240876
0.0033617021276595746    413.18568472216907
0.0034042553191489366    222.34011344975937
0.003446808510638298     -83.79158154496008
0.0034893617021276597    -316.38100441203517
0.0035319148936170217    -434.53394823375595
0.0035744680851063832    -406.63050706420535
0.003617021276595745     -222.09600913188254
0.0036595744680851068    86.76083526910978
0.0037021276595744683    315.72659548563496
0.00374468085106383      439.35026400280606
0.003787234042553192     413.1789806266767
0.0038297872340425534    222.96835497110052
0.003872340425531915     -83.91285392688987
0.003914893617021277     -316.173348146125
0.0039574468085106385    -433.89286809116055
0.004                    -406.8776925099591
0.004042553191489362     -221.62458142191568
0.004085106382978723     86.72696107165228
0.004127659574468086     316.67897948039194
0.004170212765957447     438.9366276784846
0.004212765957446809     412.28968025499375
0.00425531914893617      223.8305629907849
0.004297872340425532     -84.92945278098333
0.004340425531914894     -316.88664022596066
0.004382978723404256     -434.61610952334024
0.004425531914893617     -407.80581361129947
0.004468085106382979     -220.8689741427285
0.0045106382978723405    86.20075626582485
0.004553191489361702     316.716580090437
0.0045957446808510645    439.565609410684
0.004638297872340426     412.4687249964158
0.004680851063829788     223.77876703057663
0.004723404255319149     -85.4123635171162
0.004765957446808511     -316.45993383860684
0.004808510638297872     -434.8533216292205
0.004851063829787235     -407.5289999718176
0.004893617021276596     -220.77453616528373
0.004936170212765958     86.48004872452441
0.004978723404255319     316.89160938692595
0.005021276595744681     439.41873219756985
0.0050638297872340424    412.73597555160586
0.005106382978723405     223.5758670295381
0.005148936170212766     -84.58803249185105
0.005191489361702128     -316.31120210845665
0.0052340425531914895    -434.48382759604374
0.005276595744680851     -407.1561063957979
0.005319148936170213     -222.15134898436753
0.005361702127659575     88.22491153691881
0.005404255319148937     314.5469407057564
0.005446808510638298     438.7713067616303
0.00548936170212766      412.3621263275106
0.005531914893617021     223.46537255606103
0.005574468085106384     -84.43135921950038
0.005617021276595745     -316.9856142282957
0.005659574468085107     -434.25455692296583
0.005702127659574468     -407.5643975533872
0.00574468085106383      -220.48779290366892
0.0057872340425531915    86.64713620437583
0.005829787234042554     316.826823593448
0.0058723404255319155    439.76211392513784
0.005914893617021277     412.6516498716674
0.005957446808510639     224.565521429662
0.006                    -84.80210297913
0.006042553191489362     -315.9216248954413
0.006085106382978724     -433.93427826308715
0.006127659574468086     -408.2165568574676
0.006170212765957447     -220.39086852302626
0.006212765957446809     85.9821953051676
0.00625531914893617      316.3439792618877
0.006297872340425532     440.024114234014
0.006340425531914894     412.3912454461483
0.006382978723404256     224.4519048329961
