% Model:              
% Version:            COMSOL 5.2.1.229
% Date:               Aug 14 2017, 13:33
% Table:              Pressure Mic 2 - 
% Time (s)               Pressure (Pa), Point: 14
0                        8.274561526625297E-17
2.2988505747126437E-5    -1.9316073140516493E-9
4.597701149425287E-5     5.62025290274848E-7
6.896551724137931E-5     -2.103439741968641E-5
9.195402298850575E-5     -8.230518110067316E-5
1.1494252873563218E-4    0.005507650725768728
1.3793103448275863E-4    0.03817862656301027
1.6091954022988506E-4    0.110076314345687
1.839080459770115E-4     0.26766734275143145
2.0689655172413793E-4    0.6347183696937323
2.2988505747126436E-4    0.34008506138337685
2.528735632183908E-4     -0.852534948476327
2.7586206896551725E-4    0.9807623778788533
2.9885057471264366E-4    -1.2294923971614578
3.218390804597701E-4     4.124455250140925
3.448275862068965E-4     21.235068562863326
3.67816091954023E-4      30.656685481145338
3.9080459770114945E-4    28.964373093256405
4.1379310344827585E-4    16.04282746977242
4.367816091954023E-4     -3.2710126824873322
4.597701149425287E-4     -20.836890786610645
4.827586206896552E-4     -30.988296899188548
5.057471264367816E-4     -29.209512926994307
5.28735632183908E-4      -15.81270241916002
5.517241379310345E-4     3.1218791523456506
5.747126436781609E-4     20.820781951351186
5.977011494252873E-4     30.9986802205927
6.206896551724138E-4     28.87877225486585
6.436781609195402E-4     15.67735750925231
6.666666666666666E-4     -3.310667650477085
6.89655172413793E-4      -20.735201652092027
7.126436781609196E-4     -30.670040761239274
7.35632183908046E-4      -29.293758311401593
7.586206896551724E-4     -15.623357569245112
7.816091954022989E-4     2.998914266624598
8.045977011494253E-4     21.24310742342469
8.275862068965517E-4     30.438196698300416
8.505747126436781E-4     30.100223465233928
8.735632183908046E-4     14.149538774738065
8.96551724137931E-4      0.6565896254225307
9.195402298850574E-4     -6.06319855503282
9.42528735632184E-4      -12.15248934582973
9.655172413793104E-4     -17.095229296085485
9.885057471264369E-4     -17.619953772774352
0.0010114942528735632    -12.697210119728092
0.0010344827586206897    -2.7207385967646394
0.001057471264367816     9.74520171822189
0.0010804597701149425    21.211216425127134
0.001103448275862069     26.638340159151046
0.0011264367816091953    23.76419183482464
0.0011494252873563218    14.468848334787024
0.0011724137931034483    2.5463476469990205
0.0011954022988505746    -8.547664490079223
0.0012183908045977011    -14.451558359777632
0.0012413793103448277    -14.640307204954993
0.001264367816091954     -7.889233103422869
0.0012873563218390805    2.967415774321414
0.001310344827586207     12.441113369112418
0.0013333333333333333    16.58594196782278
0.0013563218390804598    13.973558990163367
0.001379310344827586     5.720853655648778
0.0014022988505747126    -4.877770060720103
0.0014252873563218391    -14.653827312744873
0.0014482758620689654    -19.973724956485082
0.001471264367816092     -17.854927599755143
0.0014942528735632185    -9.361556350124497
0.0015172413793103448    2.670676482379865
0.0015402298850574713    12.789097386608494
0.0015632183908045978    17.485057045212894
0.001586206896551724     16.076657064547085
0.0016091954022988506    8.640837912388209
0.001632183908045977     -2.3862332287619696
0.0016551724137931034    -12.309571432481814
0.00167816091954023      -17.85744351385859
0.0017011494252873562    -15.726967220326797
0.0017241379310344827    -7.400413362301055
0.0017471264367816092    3.6773276493970672
0.0017701149425287355    13.222469147440853
0.001793103448275862     17.988787089701987
0.0018160919540229886    16.31989361262111
0.0018390804597701149    8.59568399038437
0.0018620689655172414    -2.857055774146543
0.001885057471264368     -13.340650779299772
0.0019080459770114942    -18.27369052093261
0.0019310344827586207    -16.079472447664855
0.001954022988505747     -8.033089316769036
0.0019770114942528737    2.838884315711564
0.002                    12.526454916108166
0.0020229885057471263    17.799774601818548
0.002045977011494253     16.323606991830673
0.0020689655172413794    8.241308071441656
0.0020919540229885057    -3.181882307047933
0.002114942528735632     -13.268448986587943
0.0021379310344827587    -17.917782730751206
0.002160919540229885     -15.818085933060967
0.0021839080459770113    -8.119134988381548
0.002206896551724138     2.818588291819168
0.0022298850574712643    12.796124630004286
0.0022528735632183906    18.16603558903737
0.0022758620689655173    16.311472797451433
0.0022988505747126436    8.061564029196656
0.00232183908045977      -3.05646814847529
0.0023448275862068967    -12.841441225819844
0.002367816091954023     -17.661238715955868
0.0023908045977011493    -15.874625703052411
0.002413793103448276     -8.415794422432809
0.0024367816091954023    2.7674788214003594
0.0024597701149425286    12.936804692205765
0.0024827586206896553    18.05531942905854
0.0025057471264367816    16.07875170634362
0.002528735632183908     7.956153081305749
0.0025517241379310347    -2.9336064947892693
0.002574712643678161     -12.733523229664746
0.0025977011494252873    -17.6734780623427
0.002620689655172414     -16.11535883063688
0.0026436781609195403    -8.251075399000948
0.0026666666666666666    2.871581602267747
0.002689655172413793     13.040997249515359
0.0027126436781609196    17.760409057133153
0.002735632183908046     15.820687623880216
0.002758620689655172     8.080985473560402
0.002781609195402299     -2.731916986586774
0.0028045977011494252    -12.578776574023667
0.0028275862068965515    -17.770212642703324
0.0028505747126436783    -16.194403085484073
0.0028735632183908046    -8.108070121290469
0.002896551724137931     2.9645139645756995
0.0029195402298850576    12.864368772195093
0.002942528735632184     17.606876176188486
0.00296551724137931      15.780311345704606
0.002988505747126437     8.24789343106012
0.003011494252873563     -2.690021414475789
0.0030344827586206895    -12.710215782740908
0.0030574712643678162    -17.802187048413057
0.0030804597701149425    -16.00201937867019
0.003103448275862069     -7.9478918117050625
0.0031264367816091956    2.9423939139962645
0.003149425287356322     12.613749064181688
0.003172413793103448     17.55499689470898
0.003195402298850575     15.932247022671433
0.003218390804597701     8.328698592318219
0.0032413793103448275    -2.7689027355924423
0.003264367816091954     -12.775807585023609
0.0032873563218390805    -17.736629137175072
0.003310344827586207     -15.838614286778013
0.003333333333333333     -7.97709211495776
0.00335632183908046      2.7680662834398064
0.003379310344827586     12.554315015652598
0.0034022988505747124    17.636403310352147
0.003425287356321839     16.07699411801517
0.0034482758620689655    8.20619232531571
