% Model:              
% Version:            COMSOL 5.2.1.229
% Date:               Aug 14 2017, 13:33
% Table:              Pressure Mic 1 - 
% Time (s)               Pressure (Pa), Point: 15
0                        1.7933644962396688E-14
2.2988505747126437E-5    3.914046712678026E-7
4.597701149425287E-5     -2.373914009329149E-5
6.896551724137931E-5     9.402422439778996E-4
9.195402298850575E-5     0.005979189015547795
1.1494252873563218E-4    -0.015985808733072267
1.3793103448275863E-4    -0.13549337140068232
1.6091954022988506E-4    -0.09143409713767636
1.839080459770115E-4     0.6481785276211761
2.0689655172413793E-4    -0.2348949556109104
2.2988505747126436E-4    -0.08100089571425055
2.528735632183908E-4     -0.42312538532490346
2.7586206896551725E-4    13.315758365681743
2.9885057471264366E-4    27.32278627296792
3.218390804597701E-4     31.72418762742808
3.448275862068965E-4     22.904080636127553
3.67816091954023E-4      6.227794691366844
3.9080459770114945E-4    -13.326925242470114
4.1379310344827585E-4    -27.686692331698723
4.367816091954023E-4     -31.331931162030607
4.597701149425287E-4     -23.295506323661566
4.827586206896552E-4     -6.0875292359474225
5.057471264367816E-4     13.288310109596157
5.28735632183908E-4      27.406633897401736
5.517241379310345E-4     31.44161597959953
5.747126436781609E-4     23.2609769525801
5.977011494252873E-4     5.760383913657958
6.206896551724138E-4     -13.488126802717703
6.436781609195402E-4     -28.0756310620802
6.666666666666666E-4     -31.87585439346575
6.89655172413793E-4      -23.42530782911962
7.126436781609196E-4     -5.828533072371302
7.35632183908046E-4      13.590146075322382
7.586206896551724E-4     27.32299571806413
7.816091954022989E-4     31.43674156692115
8.045977011494253E-4     23.46397249072717
8.275862068965517E-4     5.950129432397402
8.505747126436781E-4     -13.030535933352215
8.735632183908046E-4     -27.928503256038127
8.96551724137931E-4      -30.990000442795882
9.195402298850574E-4     -23.07165306438924
9.42528735632184E-4      -7.138263524352987
9.655172413793104E-4     22.375611007746464
9.885057471264369E-4     45.74631543483857
0.0010114942528735632    47.94426881791266
0.0010344827586206897    29.238716592590652
0.001057471264367816     -2.5520214003041133
0.0010804597701149425    -34.037900536048596
0.001103448275862069     -51.58441032976008
0.0011264367816091953    -47.180948304489206
0.0011494252873563218    -22.83230003813437
0.0011724137931034483    12.695129331742951
0.0011954022988505746    45.4617791190249
0.0012183908045977011    63.43124867488598
0.0012413793103448277    60.0909234857304
0.001264367816091954     35.5002183031782
0.0012873563218390805    -1.9383150946734145
0.001310344827586207     -37.32420710787823
0.0013333333333333333    -57.42035488175588
0.0013563218390804598    -55.33010835419379
0.001379310344827586     -31.939690834918782
0.0014022988505747126    2.286593128272701
0.0014252873563218391    35.91417166539974
0.0014482758620689654    55.389141104513065
0.001471264367816092     53.133034978486585
0.0014942528735632185    29.514577452947343
0.0015172413793103448    -6.276765215945187
0.0015402298850574713    -39.82217051950382
0.0015632183908045978    -58.33819725094123
0.001586206896551724     -54.97416466480689
0.0016091954022988506    -31.594099389908394
0.001632183908045977     4.203345139911528
0.0016551724137931034    38.20489707107616
0.00167816091954023      58.28618682543318
0.0017011494252873562    55.62055946565294
0.0017241379310344827    31.681628313049018
0.0017471264367816092    -4.11814370346926
0.0017701149425287355    -37.58325394727364
0.001793103448275862     -56.71664734074111
0.0018160919540229886    -54.33165418440999
0.0018390804597701149    -31.287998337816955
0.0018620689655172414    4.166081686674617
0.001885057471264368     38.63267185644588
0.0019080459770114942    57.66487462542434
0.0019310344827586207    54.89445545210339
0.001954022988505747     30.906512714780813
0.0019770114942528737    -4.20085652727017
0.002                    -37.95985645990922
0.0020229885057471263    -57.45113530749828
0.002045977011494253     -55.298909440471704
0.0020689655172413794    -31.71296953326827
0.0020919540229885057    4.019180439800947
0.002114942528735632     38.30780184662421
0.0021379310344827587    57.43050877254147
0.002160919540229885     54.676799613619174
0.0021839080459770113    31.255625920067313
0.002206896551724138     -3.8356513711445865
0.0022298850574712643    -37.82794089176782
0.0022528735632183906    -57.60305051933727
0.0022758620689655173    -55.05388047667663
0.0022988505747126436    -31.495081247071365
0.00232183908045977      4.277719224494162
0.0023448275862068967    38.044759923316136
0.002367816091954023     57.42569941668531
0.0023908045977011493    54.760887701475504
0.002413793103448276     31.813125071934337
0.0024367816091954023    -3.675869774190501
0.0024597701149425286    -37.97908485865858
0.0024827586206896553    -57.61318583314075
0.0025057471264367816    -55.16867588340455
0.002528735632183908     -31.353154446944668
0.0025517241379310347    3.962871652831112
0.002574712643678161     37.848120380510636
0.0025977011494252873    57.28047478455263
0.002620689655172414     54.996741714464115
0.0026436781609195403    31.75596894756818
0.0026666666666666666    -3.71961026964499
0.002689655172413793     -38.219538688342325
0.0027126436781609196    -57.32360036505768
0.002735632183908046     -54.9710914197924
0.002758620689655172     -31.548661385284337
0.002781609195402299     3.654974847611449
0.0028045977011494252    37.619463213926515
0.0028275862068965515    57.40694440789044
0.0028505747126436783    55.23934250750615
0.0028735632183908046    31.830932180288773
0.002896551724137931     -3.8520837307069327
0.0029195402298850576    -37.95765885113699
0.002942528735632184     -57.29809419152693
0.00296551724137931      -54.84981684261028
0.002988505747126437     -31.83280440308566
0.003011494252873563     3.5015799064321103
0.0030344827586206895    37.6911435673525
0.0030574712643678162    57.600013165075474
0.0030804597701149425    55.18137885205237
0.003103448275862069     31.76941216434307
0.0031264367816091956    -3.8321384610363527
0.003149425287356322     -37.705206954156864
0.003172413793103448     -57.237747663854634
0.003195402298850575     -55.05686810923258
0.003218390804597701     -31.97214911258038
0.0032413793103448275    3.541766978010504
0.003264367816091954     37.9309834262505
0.0032873563218390805    57.548659187168624
0.003310344827586207     55.23469973666894
0.003333333333333333     31.778777194889667
0.00335632183908046      -3.513433474239333
0.003379310344827586     -37.58267010502809
0.0034022988505747124    -57.32432742801668
0.003425287356321839     -55.29743934993829
0.0034482758620689655    -31.934003386103985
