% Model:              
% Version:            COMSOL 5.2.1.229
% Date:               Aug 11 2017, 23:28
% Table:              Pressure Mic 2 - 
% Time (s)               Pressure (Pa), Point: 14
0                        1.04920164709576E-11
3.508771929824562E-5     2.1704037665319542E-4
7.017543859649124E-5     -0.011808779693650264
1.0526315789473686E-4    0.17971805579916095
1.4035087719298247E-4    1.8893979654949973
1.7543859649122808E-4    6.053279916642665
2.1052631578947372E-4    13.80739644606888
2.456140350877193E-4     1.4001595127806485
2.8070175438596495E-4    -9.698267306063327
3.157894736842106E-4     24.111217091462994
3.5087719298245617E-4    312.3115075443609
3.859649122807018E-4     519.624186175019
4.2105263157894745E-4    546.5908069589599
4.5614035087719303E-4    352.87400773067355
4.912280701754386E-4     24.273927369221607
5.263157894736843E-4     -311.51288634306775
5.614035087719299E-4     -522.9461162254954
5.964912280701755E-4     -535.3101467882261
6.315789473684212E-4     -342.9819312780983
6.666666666666668E-4     -17.067338384638546
7.017543859649123E-4     313.66485505167947
7.36842105263158E-4      518.4555438232663
7.719298245614036E-4     548.8383872351192
8.070175438596492E-4     348.86331029197834
8.421052631578949E-4     34.06700277987187
8.771929824561405E-4     -334.23828889014385
9.122807017543861E-4     -379.73983749871303
9.473684210526316E-4     -258.0476863518733
9.824561403508772E-4     -91.3541727023079
0.001017543859649123     111.05366328651242
0.0010526315789473686    305.902852643205
0.0010877192982456142    431.89627728335233
0.0011228070175438598    401.80171320577904
0.0011578947368421054    242.24213453654667
0.001192982456140351     -31.29964589774278
0.0012280701754385965    -267.0151289414594
0.0012631578947368423    -355.5367608562305
0.001298245614035088     -315.0023448631887
0.0013333333333333335    -152.8615991166052
0.001368421052631579     57.42562551341103
0.0014035087719298247    282.9761021687866
0.0014385964912280703    395.2680528352576
0.001473684210526316     359.7507409228829
0.0015087719298245616    207.3746805250389
0.0015438596491228072    -45.966610295481345
0.0015789473684210528    -274.69244667257607
0.0016140350877192984    -373.05448436451735
0.001649122807017544     -335.4235940032719
0.0016842105263157898    -179.39332989009137
0.0017192982456140354    55.52444316481443
0.001754385964912281     280.03210107040763
0.0017894736842105265    385.53229129929406
0.0018245614035087721    356.3413832293608
0.0018596491228070177    191.358270390623
0.0018947368421052633    -49.56521146431944
0.001929824561403509     -279.22869847832385
0.0019649122807017545    -376.0830206328845
0.002                    -343.59001929385664
0.002035087719298246     -183.2516745365343
0.0020701754385964916    54.02221404218316
0.0021052631578947372    276.216100933353
0.002140350877192983     388.13358585937914
0.0021754385964912284    351.47325557496873
0.002210526315789474     186.63558374468846
0.0022456140350877196    -47.43919895417238
0.002280701754385965     -277.3763771130519
0.0023157894736842107    -381.3246965720398
0.0023508771929824563    -344.17729815235646
0.002385964912280702     -184.04098214058007
0.0024210526315789475    49.27010166696498
0.002456140350877193     279.0712645072177
0.002491228070175439     383.33566663671445
0.0025263157894736847    350.0325255291269
0.0025614035087719303    190.5706065459621
0.002596491228070176     -52.14598366085734
0.0026315789473684214    -275.73174027707876
0.002666666666666667     -382.0925212349158
0.0027017543859649126    -343.50421486801
0.002736842105263158     -185.42155915572988
0.0027719298245614038    48.56326135605409
0.0028070175438596493    280.99837738418586
0.002842105263157895     383.7847284974392
0.0028771929824561405    351.59748196451176
0.002912280701754386     190.45438407956746
0.002947368421052632     -51.367359858252755
0.0029824561403508777    -278.4496584109205
0.0030175438596491233    -379.1001182910305
0.003052631578947369     -345.25579967905134
0.0030877192982456145    -185.9035467301875
0.00312280701754386      51.36201120183002
0.0031578947368421056    277.3559570016779
0.003192982456140351     385.01479674923553
0.003228070175438597     348.9189243283864
0.0032631578947368424    188.2819243894196
0.003298245614035088     -49.56215230708451
0.0033333333333333335    -278.8168441708992
0.0033684210526315796    -378.0895324220247
0.003403508771929825     -344.3880218799949
0.0034385964912280707    -184.43320876559957
0.0034736842105263163    49.7985525628722
0.003508771929824562     279.21920904056776
0.0035438596491228075    386.8590106521255
0.003578947368421053     350.47084893640294
0.0036140350877192987    189.64315266156365
0.0036491228070175442    -50.43982382511301
0.00368421052631579      -278.1115373100283
0.0037192982456140354    -380.1468412929702
0.003754385964912281     -343.7674191980855
0.0037894736842105266    -186.8770234311592
0.0038245614035087726    49.790084302497924
0.003859649122807018     280.288785357714
0.0038947368421052638    385.215787089933
0.003929824561403509     352.02136157675125
0.0039649122807017545    187.89175520905295
0.004                    -50.17755300383067
0.004035087719298246     -276.9857081407266
0.004070175438596492     -380.38061193129107
0.004105263157894738     -342.8890982878057
0.004140350877192983     -185.68957788951312
0.004175438596491229     49.93378945284763
0.0042105263157894745    279.7266396978912
0.00424561403508772      385.53761066083854
0.004280701754385966     351.56378445090166
0.004315789473684211     188.83501819119675
0.004350877192982457     -51.24358757089944
0.004385964912280702     -277.34334669185824
0.004421052631578948     -378.8671147587283
0.0044561403508771935    -344.2872726330009
0.004491228070175439     -184.46326875030852
0.004526315789473685     48.51647959749558
0.00456140350877193      280.0084125743409
0.004596491228070176     386.1271450855406
0.0046315789473684215    350.3100764645262
0.004666666666666667     190.57760437677135
0.004701754385964913     -51.73239871454138
0.004736842105263158     -276.9939990248081
0.004771929824561404     -379.2259127602743
0.004807017543859649     -345.182356334938
0.004842105263157895     -185.23080497201704
0.0048771929824561406    49.706220574391295
0.004912280701754386     279.9105097569627
0.004947368421052633     386.2602382206794
0.004982456140350878     350.61448677716135
0.005017543859649124     188.73965098690815
0.005052631578947369     -49.717442578852335
0.005087719298245615     -278.4145253532477
0.0051228070175438605    -378.8301065900423
0.005157894736842106     -344.3996205431888
0.005192982456140352     -186.3050676062767
0.005228070175438597     50.82332113161004
0.005263157894736843     278.7784469868295
