% Model:              
% Version:            COMSOL 5.2.1.229
% Date:               Aug 11 2017, 18:07
% Table:              Pressure Liner - (aveop1(p))
% Time (s)               aveop1(p) (Pa)
0                        -2.6235177489103405E-37
5.208333333333334E-5     1.923891484283159E-14
1.0416666666666667E-4    -1.107854281807514E-6
1.5625E-4                -3.482843565067232E-4
2.0833333333333335E-4    0.012490446970908984
2.6041666666666666E-4    -0.15689413778068784
3.125E-4                 -1.4567887219768685
3.6458333333333335E-4    -4.132627753881771
4.166666666666667E-4     -12.218733546213421
4.6875000000000004E-4    -16.56758914642109
5.208333333333333E-4     28.51116570566495
5.729166666666667E-4     -41.26732108210809
6.25E-4                  194.5970867624397
6.770833333333334E-4     564.5982201690427
7.291666666666667E-4     754.3263462208872
7.8125E-4                811.2406952146389
8.333333333333334E-4     684.9845648898346
8.854166666666667E-4     407.03255578098447
9.375000000000001E-4     18.706546593153586
9.895833333333334E-4     -365.46814831511546
0.0010416666666666667    -709.16404748882
0.00109375               -798.1321202097033
0.0011458333333333333    -648.9040839298754
0.0011979166666666668    -318.49284664452597
0.00125                  26.330408317493205
0.0013020833333333335    359.15944058057903
0.0013541666666666667    644.3389859092516
0.0014062500000000002    771.1039755893042
0.0014583333333333334    638.7944489161953
0.0015104166666666669    323.8498183275407
0.0015625                -23.957932492912256
0.0016145833333333335    -395.00882136562007
0.0016666666666666668    -699.1284519740669
0.00171875               -811.7043482698275
0.0017708333333333335    -647.3598855223462
0.0018229166666666667    -328.4244815285709
0.0018750000000000001    15.868692786711629
0.0019270833333333334    343.31293444607894
0.001979166666666667     648.3694425694028
0.00203125               776.2677106662567
0.0020833333333333333    631.5287620425551
0.002135416666666667     325.63223463920997
0.0021875                -25.97527380463582
0.0022395833333333334    -386.8783383719385
0.0022916666666666667    -704.0306804212352
0.0023437500000000003    -807.5847967673615
0.0023958333333333336    -652.9755676487881
0.002447916666666667     -329.43748177002885
0.0025                   17.96488025232352
0.0025520833333333333    341.6749907189671
0.002604166666666667     652.273116035615
0.00265625               768.9054510256384
0.0027083333333333334    635.6191840947014
0.0027604166666666667    325.46522722529943
0.0028125000000000003    -27.473240693108426
0.0028645833333333336    -388.4499118028819
0.002916666666666667     -704.2576917344637
0.00296875               -804.107068693806
0.0030208333333333337    -653.8998007242251
0.003072916666666667     -326.6215538664491
0.003125                 16.853661568427853
0.0031770833333333334    344.11923962775865
0.003229166666666667     651.1347019024648
0.0032812500000000003    768.6443067341553
0.0033333333333333335    632.7198523056175
0.0033854166666666668    325.1286989070928
0.0034375                -29.021574178145194
0.0034895833333333337    -386.2078444027468
0.003541666666666667     -705.7306952731524
0.00359375               -804.293750069762
0.0036458333333333334    -650.3789763572427
0.003697916666666667     -328.4239870748209
0.0037500000000000003    18.333632750581376
0.0038020833333333335    341.3920060413654
0.0038541666666666668    651.8368622614624
0.00390625               769.6587294019433
0.003958333333333334     633.4558647517779
0.004010416666666667     325.32024825977226
0.0040625                -29.095123497229764
0.004114583333333334     -386.7420178034588
0.004166666666666667     -704.15184449681
0.00421875               -808.0732838942487
0.004270833333333334     -651.7580408624327
0.004322916666666667     -329.8821487800095
0.004375                 19.433021829987503
0.004427083333333333     341.93412612207766
0.004479166666666667     652.1027933445865
0.0045312500000000006    770.5121362396997
0.004583333333333333     631.6137975549426
0.004635416666666667     326.87974605843647
0.004687500000000001     -28.06771110268309
0.0047395833333333335    -387.6262531904879
0.004791666666666667     -704.434296529406
0.00484375               -806.3858660685581
0.004895833333333334     -649.7626206850305
0.004947916666666667     -329.1631182579815
0.005                    17.79857197725155
0.005052083333333334     343.028556427496
0.005104166666666667     652.1903918163065
0.00515625               767.264875354455
0.005208333333333334     634.0861529874263
0.005260416666666667     326.12969734154103
0.0053125                -28.5537877826577
0.005364583333333334     -386.5277583950731
0.005416666666666667     -704.1315911060743
0.0054687500000000005    -805.632481025648
0.005520833333333333     -652.0495537651868
0.005572916666666667     -328.03780098585787
0.005625000000000001     16.762886086277884
0.0056770833333333335    341.78744347048075
0.005729166666666667     651.2985956016598
0.005781250000000001     766.795652329396
0.005833333333333334     636.4107984457311
0.005885416666666667     326.5099009231258
0.0059375                -27.987343891504636
0.005989583333333334     -387.86504909897985
0.006041666666666667     -708.1630027672865
0.00609375               -806.7635248112304
0.006145833333333334     -652.0335084283138
0.006197916666666667     -329.37779540130856
0.00625                  18.690041086776496
0.006302083333333334     341.07689713887737
0.006354166666666667     652.326468707712
0.0064062500000000005    767.0244432678966
0.006458333333333334     635.4931891791423
0.006510416666666667     327.3517772447242
0.006562500000000001     -29.494326601781143
0.006614583333333333     -386.9362246709548
0.006666666666666667     -705.1127064954567
0.006718750000000001     -807.8084437226446
0.0067708333333333336    -651.3120533635264
0.006822916666666667     -329.91225640721274
0.006875                 18.900998424503175
0.006927083333333334     340.6720955130191
0.006979166666666667     652.4291452004071
0.00703125               772.0457835384584
0.007083333333333334     632.3115732161361
0.0071354166666666675    326.09387272101577
0.0071875                -28.88085884072854
0.007239583333333334     -386.24278126322486
0.007291666666666667     -706.09490990827
0.0073437500000000005    -806.9989598680772
0.007395833333333334     -649.983848116729
0.007447916666666667     -329.58748473817593
0.007500000000000001     18.518872160120466
0.007552083333333333     342.12047197393844
0.007604166666666667     650.7303960674708
0.007656250000000001     769.4247471571839
0.0077083333333333335    634.7276864102463
0.007760416666666667     326.9727188623749
0.0078125                -27.934844261637974
0.007864583333333335     -387.2308086901524
0.007916666666666667     -703.812726728468
0.00796875               -807.7777828661391
0.008020833333333335     -651.3977892505546
0.008072916666666667     -328.8465851236959
0.008125                 17.40988306144149
0.008177083333333333     342.71167233768807
0.008229166666666668     651.4061981495545
0.00828125               767.0361842590568
0.008333333333333333     633.6988917206394
