% Model:              
% Version:            COMSOL 5.2.1.229
% Date:               Aug 14 2017, 13:17
% Table:              Pressure Mic 1 - 
% Time (s)               Pressure (Pa), Point: 15
0                        6.828390469057874E-13
2.777777777777778E-5     1.2440359445157042E-5
5.555555555555556E-5     -6.209272018399722E-4
8.333333333333334E-5     2.2838153308645442E-4
1.1111111111111112E-4    0.07245108110750516
1.388888888888889E-4     0.36657521948355176
1.666666666666667E-4     0.581460815307183
1.9444444444444446E-4    -0.4845976966930257
2.2222222222222223E-4    0.49023722727384045
2.5E-4                   -0.9635493445871167
2.777777777777778E-4     12.540174440795118
3.0555555555555555E-4    27.00371040570899
3.333333333333334E-4     31.485695879037337
3.6111111111111115E-4    23.884512771777903
3.888888888888889E-4     6.956938499481502
4.166666666666667E-4     -12.43124652931965
4.4444444444444447E-4    -27.183038010967792
4.7222222222222224E-4    -31.714822375942376
5.0E-4                   -23.812919905477333
5.277777777777778E-4     -7.261424889672357
5.555555555555556E-4     12.471686334990585
5.833333333333334E-4     27.03320926526114
6.111111111111111E-4     31.369668955088603
6.388888888888889E-4     23.53714126518994
6.666666666666668E-4     6.651424063183703
6.944444444444445E-4     -12.62001372204107
7.222222222222223E-4     -27.33719707258409
7.5E-4                   -30.946912908351674
7.777777777777778E-4     -24.019537959571103
8.055555555555556E-4     -7.215531130682278
8.333333333333334E-4     12.740596020500465
8.611111111111111E-4     26.847448137128858
8.888888888888889E-4     32.12465160428833
9.166666666666668E-4     23.357063227299488
9.444444444444445E-4     7.156665653065228
9.722222222222223E-4     -1.7675447672240905
0.001                    -9.720597046367748
0.0010277777777777778    -17.602121825211178
0.0010555555555555557    -21.691338875677317
0.0010833333333333333    -17.893292933977865
0.0011111111111111111    -6.523393277748576
0.001138888888888889     10.76228074353907
0.0011666666666666668    26.29303699491333
0.0011944444444444446    34.31891078370959
0.0012222222222222222    32.62446705379134
0.00125                  21.252556239722956
0.0012777777777777779    3.8123071866949028
0.0013055555555555557    -14.385435014607582
0.0013333333333333335    -25.159428359278632
0.0013611111111111111    -26.07306844621907
0.001388888888888889     -17.861255312869982
0.0014166666666666668    -2.8643088489964375
0.0014444444444444446    12.579883178801607
0.0014722222222222222    22.92770820722257
0.0015                   22.75496634373454
0.0015277777777777779    13.835632121623608
0.0015555555555555557    -1.237893883691998
0.0015833333333333335    -15.702593600507285
0.0016111111111111111    -25.513895944456657
0.001638888888888889     -25.04617189299568
0.0016666666666666668    -15.032034082513452
0.0016944444444444446    0.639635260099597
0.0017222222222222222    16.07140006817022
0.00175                  25.56567645569474
0.0017777777777777779    25.93355650753308
0.0018055555555555557    16.306562488828042
0.0018333333333333335    0.3594834088114691
0.0018611111111111111    -15.176668686584843
0.001888888888888889     -24.73634564547146
0.0019166666666666668    -24.74453266576698
0.0019444444444444446    -15.865781936236203
0.0019722222222222224    -0.4808738665963424
0.002                    15.546794301885498
0.002027777777777778     24.708547433194937
0.0020555555555555557    24.785156824208364
0.0020833333333333333    15.225395253262981
0.0021111111111111113    0.4399914497113573
0.002138888888888889     -15.524192108431594
0.0021666666666666666    -25.09023471531408
0.0021944444444444446    -24.823545505354332
0.0022222222222222222    -15.40799866039256
0.0022500000000000003    -0.06295697398093512
0.002277777777777778     15.035833046542612
0.0023055555555555555    25.167268610577437
0.0023333333333333335    25.176082824460416
0.002361111111111111     15.51002062296269
0.002388888888888889     0.023995194204223906
0.002416666666666667     -15.157065632983981
0.0024444444444444444    -24.72304451583003
0.0024722222222222224    -25.151260533434982
0.0025                   -15.558515371822903
0.002527777777777778     -0.07748430675432848
0.0025555555555555557    15.331728381344929
0.0025833333333333333    24.765502564935883
0.0026111111111111114    24.93562770134168
0.002638888888888889     15.735903648092233
0.002666666666666667     0.21283896793556623
0.0026944444444444446    -15.380475919620284
0.0027222222222222222    -24.898389298968777
0.0027500000000000003    -24.788048497282972
0.002777777777777778     -15.589483046977062
0.0028055555555555555    -0.43594539463498666
0.0028333333333333335    15.431542781162305
0.002861111111111111     24.843034760743542
0.002888888888888889     25.039337355320725
0.002916666666666667     15.318613519885792
0.0029444444444444444    0.358960084269733
0.0029722222222222225    -15.21683328186894
0.003                    -24.834824595238715
0.003027777777777778     -25.00239957951741
0.0030555555555555557    -15.483779148072015
0.0030833333333333333    -0.03192296833651141
0.0031111111111111114    15.08024943080542
0.003138888888888889     24.849825473098893
0.003166666666666667     25.083962800888017
0.0031944444444444446    15.618205873187161
0.0032222222222222222    0.19835735231727894
0.0032500000000000003    -15.244306413723905
0.003277777777777778     -24.64319797422165
0.0033055555555555555    -24.91617337271859
0.0033333333333333335    -15.6225383924595
0.003361111111111111     -0.2535065677386071
0.003388888888888889     15.322944662914983
0.003416666666666667     24.817082664370513
0.0034444444444444444    24.75522001652746
0.0034722222222222225    15.652065693536583
0.0035                   0.28293398311487156
0.003527777777777778     -15.162151719546559
0.0035555555555555557    -24.797025549011202
0.0035833333333333333    -24.74474995606496
0.0036111111111111114    -15.473643866747876
0.003638888888888889     -0.2469945468011731
0.003666666666666667     15.173812327689953
0.0036944444444444446    24.731799785400256
0.0037222222222222223    24.999025969602183
0.0037500000000000003    15.424833019325096
0.003777777777777778     0.36890807233123274
0.003805555555555556     -15.112920539318845
0.0038333333333333336    -24.618050981005588
0.003861111111111111     -24.944419473762636
0.003888888888888889     -15.46891338675294
0.003916666666666667     -0.146714700836284
0.003944444444444445     15.145022351628871
0.0039722222222222225    24.694791840242498
0.004                    24.791442663417786
0.004027777777777778     15.631786274610198
0.004055555555555556     0.2840809582928536
0.004083333333333334     -15.199572564590722
0.004111111111111111     -24.575511936075095
0.004138888888888889     -24.82317948442117
0.004166666666666667     -15.491756091115839
