% Model:              
% Version:            COMSOL 5.2.1.229
% Date:               Aug 11 2017, 23:44
% Table:              Pressure Mic 2 - 
% Time (s)               Pressure (Pa), Point: 14
0                        4.542818111498497E-14
2.777777777777778E-5     -1.5293407753879395E-6
5.555555555555556E-5     2.348099598581744E-4
8.333333333333334E-5     -0.00838649468437605
1.1111111111111112E-4    0.029727019814695093
1.388888888888889E-4     0.99814250960277
1.666666666666667E-4     4.331424352097359
1.9444444444444446E-4    10.181418873765315
2.2222222222222223E-4    11.340415687241023
2.5E-4                   -13.07095224892436
2.777777777777778E-4     10.985194160582594
3.0555555555555555E-4    -18.2039498338365
3.333333333333334E-4     187.000963700945
3.6111111111111115E-4    462.9642917325186
3.888888888888889E-4     563.7372601735265
4.166666666666667E-4     441.5644737206062
4.4444444444444447E-4    159.244996638934
4.7222222222222224E-4    -191.31024189232863
5.0E-4                   -463.9846445399587
5.277777777777778E-4     -561.3826093052847
5.555555555555556E-4     -448.29056024243647
5.833333333333334E-4     -165.83852911851136
6.111111111111111E-4     182.54756375124396
6.388888888888889E-4     456.6877356449806
6.666666666666668E-4     560.3928156286266
6.944444444444445E-4     455.46567932740675
7.222222222222223E-4     158.4390682031594
7.5E-4                   -192.93964664339612
7.777777777777778E-4     -459.14878778043897
8.055555555555556E-4     -563.7862041680869
8.333333333333334E-4     -433.96660888340574
8.611111111111111E-4     -171.56903543419477
8.888888888888889E-4     199.2049665327946
9.166666666666668E-4     675.4806522899192
9.444444444444445E-4     881.357117409403
9.722222222222223E-4     702.8014515206526
0.001                    244.64238078576363
0.0010277777777777778    -308.6436595459766
0.0010555555555555557    -708.218143185121
0.0010833333333333333    -805.6805639325154
0.0011111111111111111    -585.3623063333093
0.001138888888888889     -139.42672027975846
0.0011666666666666668    358.49877813015
0.0011944444444444446    772.0051529203754
0.0012222222222222222    887.5793284976809
0.00125                  662.7693103244521
0.0012777777777777779    202.89556848091928
0.0013055555555555557    -326.45837067346497
0.0013333333333333335    -740.704885592994
0.0013611111111111111    -855.1646728949827
0.001388888888888889     -628.1211789764476
0.0014166666666666668    -146.50324368947062
0.0014444444444444446    355.40995905174407
0.0014722222222222222    746.5608697421128
0.0015                   866.956085213903
0.0015277777777777779    663.81807133611
0.0015555555555555557    173.86831903142274
0.0015833333333333335    -352.8027058375839
0.0016111111111111111    -734.1590015338587
0.001638888888888889     -843.679510428132
0.0016666666666666668    -644.2853436723068
0.0016944444444444446    -172.06252304917496
0.0017222222222222222    367.44829113473986
0.00175                  759.1181746978042
0.0017777777777777779    860.7422141479237
0.0018055555555555557    650.2375513609486
0.0018333333333333335    182.33373038165297
0.0018611111111111111    -355.30193913926763
0.001888888888888889     -747.536075605338
0.0019166666666666668    -854.766469053772
0.0019444444444444446    -637.8323794526801
0.0019722222222222224    -175.44240766055134
0.002                    355.6673343189307
0.002027777777777778     751.8548746400256
0.0020555555555555557    865.2797674710456
0.0020833333333333333    647.409247576671
0.0021111111111111113    171.2359519194107
0.002138888888888889     -353.4218251327365
0.0021666666666666666    -736.9431036958995
0.0021944444444444446    -854.6767508839866
0.0022222222222222222    -644.7998821629985
0.0022500000000000003    -169.1401233976127
0.002277777777777778     356.86523872309454
0.0023055555555555555    742.4405797599636
0.0023333333333333335    860.0137055626618
0.002361111111111111     647.7146504141263
0.002388888888888889     174.12067517690818
0.002416666666666667     -359.9525638694745
0.0024444444444444444    -739.5479160782323
0.0024722222222222224    -856.1221613762759
0.0025                   -643.8061002042474
0.002527777777777778     -177.0434760556576
0.0025555555555555557    356.9051043550921
0.0025833333333333333    745.9162665085502
0.0026111111111111114    865.1822936042246
0.002638888888888889     642.3129890107188
0.002666666666666667     176.6841857223749
0.0026944444444444446    -355.01364878037083
0.0027222222222222222    -735.7291556327239
0.0027500000000000003    -859.1785399159725
0.002777777777777778     -641.2570084676033
0.0028055555555555555    -174.704928678866
0.0028333333333333335    354.95062759876834
0.002861111111111111     742.6893824177736
0.002888888888888889     860.9455231296769
0.002916666666666667     644.6987148951223
0.0029444444444444444    173.80851588905864
0.0029722222222222225    -356.44078207834576
0.003                    -736.954071195264
0.003027777777777778     -855.9049381728398
0.0030555555555555557    -645.0589303334451
0.0030833333333333333    -177.31336514929183
0.0031111111111111114    358.90320857631554
0.003138888888888889     744.4027853378263
0.003166666666666667     862.2434558014108
0.0031944444444444446    644.6959422596555
0.0032222222222222222    176.20407271698497
0.0032500000000000003    -359.3229647891134
0.003277777777777778     -738.2662736425941
0.0033055555555555555    -856.4686053292914
0.0033333333333333335    -642.0048248935688
0.003361111111111111     -178.16856464603381
0.003388888888888889     356.82928736970285
0.003416666666666667     744.201087453461
0.0034444444444444444    865.1505519876608
0.0034722222222222225    643.2592559326403
0.0035                   174.49908321650153
0.003527777777777778     -355.24648556350974
0.0035555555555555557    -737.4690029172564
0.0035833333333333333    -860.0446412474349
0.0036111111111111114    -643.6213240470673
0.003638888888888889     -173.99136203582663
0.003666666666666667     356.5580915966545
0.0036944444444444446    743.2544269018483
0.0037222222222222223    863.7767722866334
0.0037500000000000003    645.0321607443487
0.003777777777777778     173.95088516661863
0.003805555555555556     -357.65739721851065
0.0038333333333333336    -738.7665075658964
0.003861111111111111     -857.1551783684527
0.003888888888888889     -644.8459860364567
0.003916666666666667     -177.2829251423274
0.003944444444444445     358.0088299232307
0.0039722222222222225    746.7474920659182
0.004                    863.6906408329102
0.004027777777777778     645.748614594849
0.004055555555555556     176.67358703084062
0.004083333333333334     -357.1583447625471
0.004111111111111111     -740.5437190482567
0.004138888888888889     -858.2203980805118
0.004166666666666667     -643.2281384156371
