% Model:              
% Version:            COMSOL 5.2.1.229
% Date:               Aug 11 2017, 23:44
% Table:              Velocity Liner - V Liner (aveop1(w))
% Time (s)               aveop1(w) (m/s)
0                        -5.3715574606164435E-62
2.777777777777778E-5     2.249913954555393E-33
5.555555555555556E-5     -1.7269003490735105E-26
8.333333333333334E-5     1.5208673656285282E-19
1.1111111111111112E-4    7.617625852105296E-16
1.388888888888889E-4     1.1027007150019974E-13
1.666666666666667E-4     -1.5598021070245552E-11
1.9444444444444446E-4    5.567297674449627E-10
2.2222222222222223E-4    -2.2296389745155318E-11
2.5E-4                   -2.8657762008337743E-7
2.777777777777778E-4     2.6925677200929196E-7
3.0555555555555555E-4    2.2893189284630317E-5
3.333333333333334E-4     1.2124909196001086E-4
3.6111111111111115E-4    3.173951094587323E-4
3.888888888888889E-4     6.7159114437185E-4
4.166666666666667E-4     0.0013467899756234017
4.4444444444444447E-4    0.0011879206753655498
4.7222222222222224E-4    -0.0018096280446352865
5.0E-4                   -4.9357726242227965E-5
5.277777777777778E-4     0.0014432686056866885
5.555555555555556E-4     -0.0025245724108461107
5.833333333333334E-4     -1.3646745996426156E-4
6.111111111111111E-4     -0.0062469787571087145
6.388888888888889E-4     -0.2312433911252933
6.666666666666668E-4     -0.5576394963226585
6.944444444444445E-4     -0.7362545556799149
7.222222222222223E-4     -0.6639530942871646
7.5E-4                   -0.31570177457854354
7.777777777777778E-4     0.2609247487686905
8.055555555555556E-4     0.7864413319270798
8.333333333333334E-4     1.050367008122844
8.611111111111111E-4     0.8879019056981037
8.888888888888889E-4     0.4169578406083286
9.166666666666668E-4     -0.07960042555958659
9.444444444444445E-4     -0.5933342342922362
9.722222222222223E-4     -0.8290213878311333
0.001                    -0.7399710606649337
0.0010277777777777778    -0.359604746227961
0.0010555555555555557    0.16996976771622552
0.0010833333333333333    0.6752090487105123
0.0011111111111111111    0.9702406010754813
0.001138888888888889     0.8909504367292768
0.0011666666666666668    0.4124109561196124
0.0011944444444444446    -0.15997613763708404
0.0012222222222222222    -0.6115047963795288
0.00125                  -0.8571620987327707
0.0012777777777777779    -0.8072454180933897
0.0013055555555555557    -0.39845057180250376
0.0013333333333333335    0.19821154523033563
0.0013611111111111111    0.6717416691657035
0.001388888888888889     0.9175798000416513
0.0014166666666666668    0.8639659892655502
0.0014444444444444446    0.44672126393729805
0.0014722222222222222    -0.15353873574265353
0.0015                   -0.6425291165938073
0.0015277777777777779    -0.8710512839387698
0.0015555555555555557    -0.791744428320713
0.0015833333333333335    -0.41295569995624276
0.0016111111111111111    0.16287797263815595
0.001638888888888889     0.665913115573415
0.0016666666666666668    0.9308221719499808
0.0016944444444444446    0.8374466045648212
0.0017222222222222222    0.42174967244398825
0.00175                  -0.15345928683269908
0.0017777777777777779    -0.637962446478198
0.0018055555555555557    -0.8994509038814916
0.0018333333333333335    -0.8075179419730621
0.0018611111111111111    -0.394033113420632
0.001888888888888889     0.18615136777065916
0.0019166666666666668    0.6462634009039424
0.0019444444444444446    0.9271218419490344
0.0019722222222222224    0.851063682840433
0.002                    0.42256660042062233
0.002027777777777778     -0.17792820579170357
0.0020555555555555557    -0.64411752085148
0.0020833333333333333    -0.8868433392329094
0.0021111111111111113    -0.8122224938676009
0.002138888888888889     -0.41203410539438207
0.0021666666666666666    0.18093003018693268
0.0021944444444444446    0.6589417949514359
0.0022222222222222222    0.9191329041135456
0.0022500000000000003    0.8411372219002259
0.002277777777777778     0.4226484249587953
0.0023055555555555555    -0.16383346613095678
0.0023333333333333335    -0.6447802924731381
0.002361111111111111     -0.8982752724209148
0.002388888888888889     -0.8041092778920259
0.002416666666666667     -0.39869807546073194
0.0024444444444444444    0.17906310976152925
0.0024722222222222224    0.648267488968812
0.0025                   0.9307935104190931
0.002527777777777778     0.8423861421335928
0.0025555555555555557    0.4156199777278227
0.0025833333333333333    -0.17197996423213138
0.0026111111111111114    -0.6389264558255291
0.002638888888888889     -0.891032343087652
0.002666666666666667     -0.8115814976503589
0.0026944444444444446    -0.40262293916397657
0.0027222222222222222    0.1819815552339743
0.0027500000000000003    0.652846205107945
0.002777777777777778     0.9176136699152153
0.0028055555555555555    0.8451674172090712
0.0028333333333333335    0.42381385791398496
0.002861111111111111     -0.16889048973141732
0.002888888888888889     -0.6448177981961213
0.002916666666666667     -0.8933671414239245
0.0029444444444444444    -0.8136170862164989
0.0029722222222222225    -0.40504629416315785
0.003                    0.17422354230890813
0.003027777777777778     0.6569217895746674
0.0030555555555555557    0.9200990647385551
0.0030833333333333333    0.8421487617714328
0.0031111111111111114    0.4169860363561868
0.003138888888888889     -0.164713630567054
0.003166666666666667     -0.6438218225715028
0.0031944444444444446    -0.893305312373079
0.0032222222222222222    -0.8116677041899168
0.0032500000000000003    -0.3993826950733544
0.003277777777777778     0.17284883463899134
0.0033055555555555555    0.6454261571538767
0.0033333333333333335    0.9239657210877665
0.003361111111111111     0.8453998776931332
0.003388888888888889     0.41894739763301975
0.003416666666666667     -0.16713990878946158
0.0034444444444444444    -0.6408820282834287
0.0034722222222222225    -0.8894018515440447
0.0035                   -0.8150655963405141
0.003527777777777778     -0.40291657499933914
0.0035555555555555557    0.1758909767391523
0.0035833333333333333    0.6548318108880894
0.0036111111111111114    0.9158726893098046
0.003638888888888889     0.8442849534157328
0.003666666666666667     0.4223204461323044
0.0036944444444444446    -0.16189661332360253
0.0037222222222222223    -0.6439542803207879
0.0037500000000000003    -0.886016394010601
0.003777777777777778     -0.8113414092392611
0.003805555555555556     -0.4034202441050407
0.0038333333333333336    0.17046403113518557
0.003861111111111111     0.6559696829244686
0.003888888888888889     0.9185092663171142
0.003916666666666667     0.8450768650161801
0.003944444444444445     0.41389684884119105
0.0039722222222222225    -0.16420574702750085
0.004                    -0.6367967135140257
0.004027777777777778     -0.8901344096166944
0.004055555555555556     -0.8126128350864507
0.004083333333333334     -0.3958490814075921
0.004111111111111111     0.1756380530760551
0.004138888888888889     0.6551253925307451
0.004166666666666667     0.9182360856857515
