% Model:              
% Version:            COMSOL 5.2.1.229
% Date:               Aug 11 2017, 18:31
% Table:              Av vel Plane Acoustic - V plane ac (aveop3(actd.a_inst/(2*pi*f0)))
% Time (s)               Average Velocity Plane Acoustic (m/s^2)
0                        4.380513094191411E-22
1.8115942028985507E-5    1.082323042841608E-14
3.6231884057971014E-5    -1.3906211044333182E-11
5.434782608695652E-5     -2.2779650907422023E-9
7.246376811594203E-5     1.2877733847454E-7
9.057971014492754E-5     2.801824674470037E-6
1.0869565217391303E-4    -3.0022873879801944E-4
1.2681159420289856E-4    0.001213137451013515
1.4492753623188405E-4    0.0773118392751674
1.6304347826086955E-4    0.4339724435410378
1.8115942028985507E-4    -1.6050872354504495
1.9927536231884057E-4    -30.05858164991519
2.1739130434782607E-4    -178.9019096931991
2.355072463768116E-4     -668.1758876763247
2.536231884057971E-4     -1758.131423264733
2.717391304347826E-4     -3042.459602849099
2.898550724637681E-4     -2303.3189126182842
3.079710144927536E-4     1860.993708752618
3.260869565217391E-4     1782.6820437378071
3.4420289855072465E-4    -3698.4805006685983
3.6231884057971015E-4    2169.017148239374
3.8043478260869565E-4    -2872.2451462824506
3.9855072463768114E-4    2709.291366955722
4.1666666666666664E-4    -4380.171541558294
4.3478260869565214E-4    9268.936823227055
4.528985507246377E-4     -12632.813160889813
4.710144927536232E-4     -34618.19729122558
4.891304347826087E-4     -28174.25238121394
5.072463768115942E-4     -7306.519562955341
5.253623188405797E-4     10856.731858387093
5.434782608695652E-4     27659.986492025626
5.615942028985507E-4     38282.04786316419
5.797101449275362E-4     40286.747523059814
5.978260869565217E-4     27831.02980560069
6.159420289855072E-4     5305.25093926157
6.340579710144927E-4     -10029.441876726483
6.521739130434782E-4     -31427.372190726746
6.702898550724637E-4     -37495.372575618436
6.884057971014493E-4     -40783.59946717705
7.065217391304348E-4     -20840.98821236194
7.246376811594203E-4     -15376.702376116977
7.427536231884058E-4     18268.40271321483
7.608695652173913E-4     57265.18561843738
7.789855072463768E-4     57325.203160458506
7.971014492753623E-4     34610.263794312756
8.152173913043478E-4     9604.641070857106
8.333333333333333E-4     -17119.467030769607
8.514492753623188E-4     -39666.19706722194
8.695652173913043E-4     -51622.167162556456
8.876811594202899E-4     -46783.73032018094
9.057971014492754E-4     -27426.95010933147
9.239130434782609E-4     -2671.5640728105936
9.420289855072464E-4     21973.156917176722
9.601449275362319E-4     43658.50004386207
9.782608695652175E-4     47397.02386292826
9.963768115942029E-4     43751.25177577551
0.0010144927536231885    28633.19700149224
0.0010326086956521738    4879.887745019776
0.0010507246376811595    -19003.42785478583
0.0010688405797101448    -44454.45855986221
0.0010869565217391304    -55117.66040576222
0.0011050724637681158    -47075.02428550467
0.0011231884057971014    -26693.191428169954
0.0011413043478260868    -4259.648258216862
0.0011594202898550724    22274.489605414226
0.001177536231884058     42816.6149746199
0.0011956521739130434    52603.31967939403
0.001213768115942029     46747.35707672107
0.0012318840579710144    29344.639003418637
0.00125                  3669.8175459668864
0.0012681159420289854    -21158.417682675186
0.001286231884057971     -45590.26042890632
0.0013043478260869564    -54672.724924050104
0.001322463768115942     -46383.282849807685
0.0013405797101449274    -27459.365963255692
0.001358695652173913     -3994.68380307829
0.0013768115942028986    22626.961789737656
0.001394927536231884     42702.65683688016
0.0014130434782608696    52939.26660548717
0.001431159420289855     47190.05373596432
0.0014492753623188406    29407.223055660106
0.001467391304347826     4308.597805865852
0.0014855072463768116    -21643.08953205016
0.001503623188405797     -46274.301810406236
0.0015217391304347826    -52821.61942285873
0.001539855072463768     -48098.101113776145
0.0015579710144927536    -26508.313087976898
0.0015760869565217392    -5175.580842922533
0.0015942028985507246    22498.346800546857
0.0016123188405797102    43344.55017058736
0.0016304347826086956    53345.33535541728
0.0016485507246376812    47971.497557739414
0.0016666666666666666    29368.35392813887
0.0016847826086956522    3620.2569029082265
0.0017028985507246376    -21566.853140779476
0.0017210144927536232    -46148.36518161729
0.0017391304347826085    -52694.135810517306
0.0017572463768115941    -47043.183458613334
0.0017753623188405798    -27214.230192886207
0.0017934782608695651    -3964.551309477698
0.0018115942028985507    21137.520161470835
0.0018297101449275361    44560.51377476142
0.0018478260869565217    52265.35061079444
0.0018659420289855071    48953.42470421139
0.0018840579710144927    27877.48871284906
0.0019021739130434781    4425.750875131787
0.0019202898550724637    -22523.88690788374
0.0019384057971014493    -44868.124956970016
0.001956521739130435     -53457.528041927115
0.00197463768115942      -46080.67991909174
0.0019927536231884057    -28450.344783147608
0.0020108695652173913    -3907.330305230364
0.002028985507246377     20822.008620741897
0.002047101449275362     45052.002152610046
0.0020652173913043477    53213.239173663176
0.0020833333333333333    48065.10668030133
0.002101449275362319     28759.995929529217
0.002119565217391304     3461.255731121821
0.0021376811594202897    -21883.921876935605
0.0021557971014492753    -44725.18557261611
0.002173913043478261     -53649.092843978724
0.0021920289855072465    -45988.95070385434
0.0022101449275362317    -28416.47161473006
0.0022282608695652173    -4583.744462521121
0.002246376811594203     21293.255897195664
0.0022644927536231885    44515.79165628018
0.0022826086956521737    53822.680857559906
0.0023007246376811593    47735.014528704174
0.002318840579710145     28659.71849808313
0.0023369565217391305    3573.9185572858373
0.002355072463768116     -21877.459788910743
0.0023731884057971013    -44762.0066847871
0.002391304347826087     -53030.128048349565
0.0024094202898550725    -46708.62861586504
0.002427536231884058     -28308.93642036306
0.0024456521739130432    -4711.098645608925
0.002463768115942029     21336.97997712622
0.0024818840579710144    44825.708875923156
0.0025                   53288.96056596312
0.0025181159420289857    48031.140234782986
0.002536231884057971     28144.007008640634
0.0025543478260869564    3704.4497180939234
0.002572463768115942     -22246.762307649562
0.0025905797101449276    -44520.417102948115
0.002608695652173913     -52809.78949779269
0.0026268115942028984    -47027.243227138824
0.002644927536231884     -27722.700698706332
0.0026630434782608696    -5491.280772339674
0.002681159420289855     22316.30152171605
0.0026992753623188404    44386.83374673789
0.002717391304347826     54044.59531926319
0.0027355072463768116    47534.80000945827
0.0027536231884057972    28551.734639610164
0.0027717391304347824    3228.441743283249
0.002789855072463768     -21461.58909465827
0.0028079710144927536    -45036.051446716316
0.002826086956521739     -52373.552699703156
0.0028442028985507244    -47059.52588601848
0.00286231884057971      -27892.492567064754
0.0028804347826086956    -5080.233682675865
0.002898550724637681     22025.01185095355
