% Model:              
% Version:            COMSOL 5.2.1.229
% Date:               Aug 12 2017, 00:06
% Table:              Pressure Liner - (aveop1(p))
% Time (s)               aveop1(p) (Pa)
0                        -2.360519292394193E-59
2.173913043478261E-5     3.5409975484275175E-33
4.347826086956522E-5     -2.7905168744800183E-28
6.521739130434783E-5     -3.6119291549113957E-22
8.695652173913044E-5     4.670702698256707E-17
1.0869565217391305E-4    5.855652953176083E-14
1.3043478260869567E-4    1.8023711752240074E-12
1.5217391304347827E-4    -3.5544411489418514E-10
1.7391304347826088E-4    -5.945529002350507E-9
1.956521739130435E-4     1.1481700200979904E-6
2.173913043478261E-4     -1.3673176215548007E-5
2.391304347826087E-4     -3.204084556185096E-4
2.6086956521739134E-4    -1.8891761885045415E-4
2.8260869565217394E-4    0.021131202683651523
3.0434782608695655E-4    0.17734054907246213
3.2608695652173916E-4    0.8053465757457612
3.4782608695652176E-4    2.5985510609843043
3.6956521739130437E-4    6.673249334537307
3.91304347826087E-4      12.942982943255098
4.130434782608696E-4     12.911076315874443
4.347826086956522E-4     -5.506151108446752
4.565217391304348E-4     -11.716281521461278
4.782608695652174E-4     16.17930888199431
5.0E-4                   -9.720765856793676
5.217391304347827E-4     8.788751288549069
5.434782608695652E-4     -12.142902085567744
5.652173913043479E-4     38.31952090470048
5.869565217391304E-4     -59.93106395730729
6.086956521739131E-4     136.11776067488645
6.304347826086957E-4     636.0147243126388
6.521739130434783E-4     889.5038905962374
6.739130434782609E-4     737.9070159460475
6.956521739130435E-4     311.83410384331904
7.173913043478262E-4     -258.57210747691124
7.391304347826087E-4     -731.4460601895299
7.608695652173914E-4     -900.7447210912653
7.82608695652174E-4      -733.8627417950842
8.043478260869566E-4     -257.43767238435333
8.260869565217392E-4     335.1794621183296
8.478260869565218E-4     800.5028827312871
8.695652173913044E-4     980.2981870371682
8.91304347826087E-4      789.2952549346113
9.130434782608696E-4     325.55490245948346
9.347826086956523E-4     -280.076938369935
9.565217391304348E-4     -778.2251962831517
9.782608695652175E-4     -950.6425226186552
0.001                    -774.7358647587806
0.0010217391304347826    -305.8733281618905
0.0010434782608695653    305.50859760809004
0.001065217391304348     796.7820746665383
0.0010869565217391304    984.9287274554845
0.0011086956521739132    786.5011886279585
0.0011304347826086958    307.49666950744455
0.0011521739130434783    -304.5027935666996
0.0011739130434782609    -791.7623328761231
0.0011956521739130436    -962.0929113721445
0.0012173913043478262    -795.9510455531828
0.0012391304347826087    -314.6428483894165
0.0012608695652173913    285.82318651464334
0.001282608695652174     792.0832525605958
0.0013043478260869566    980.8436894695195
0.0013260869565217392    782.6103737957108
0.0013478260869565217    297.07526068826337
0.0013695652173913045    -306.4683349194682
0.001391304347826087     -796.5413060256761
0.0014130434782608696    -963.8165492385049
0.0014347826086956524    -799.059002786156
0.001456521739130435     -321.7317743703892
0.0014782608695652175    287.37825620174124
0.0015                   787.9206346830331
0.0015217391304347828    980.7349517073948
0.0015434782608695654    780.2561581079281
0.001565217391304348     295.6484691166901
0.0015869565217391305    -312.02499710782604
0.0016086956521739132    -792.5981123040336
0.0016304347826086958    -963.7483657829686
0.0016521739130434783    -798.843137530692
0.0016739130434782609    -324.8695704699507
0.0016956521739130437    282.85312947648
0.0017173913043478262    789.248216264824
0.0017391304347826088    979.3001198772168
0.0017608695652173915    782.2536199433516
0.001782608695652174     293.62988947930046
0.0018043478260869566    -309.9464340589091
0.0018260869565217392    -793.4102543269903
0.001847826086956522     -961.2869462389842
0.0018695652173913045    -802.244403387835
0.001891304347826087     -325.9105155207178
0.0019130434782608696    285.28036759557233
0.0019347826086956524    790.2378815628969
0.001956521739130435     983.6311403453312
0.0019782608695652175    778.0502278757393
0.002                    292.4763858685559
0.0020217391304347826    -313.12900101433576
0.002043478260869565     -789.9237665068722
0.002065217391304348     -962.9422910468968
0.0020869565217391307    -799.0322120334307
0.0021086956521739132    -330.9118337012572
0.002130434782608696     290.1913725659406
0.0021521739130434783    790.3080729583803
0.002173913043478261     984.7778284315401
0.0021956521739130434    775.9485802220605
0.0022173913043478264    293.47630794154554
0.002239130434782609     -313.6431893200024
0.0022608695652173915    -788.3209095358786
0.002282608695652174     -964.9316859214707
0.0023043478260869566    -798.5687688692705
0.002326086956521739     -331.3543466577314
0.0023478260869565218    289.22403546912994
0.0023695652173913043    791.5402716054087
0.0023913043478260873    983.0463988519223
0.00241304347826087      776.6764557063203
0.0024347826086956524    292.40193100895345
0.002456521739130435     -312.13464218431335
0.0024782608695652175    -787.7580375747001
0.0025                   -963.4106489757579
0.0025217391304347826    -801.1550052008146
0.0025434782608695656    -332.2737761947192
0.002565217391304348     289.4328870263983
0.0025869565217391307    790.5908055940736
0.0026086956521739132    982.2006684964035
0.002630434782608696     774.3356725626809
0.0026521739130434784    293.34209604012017
0.002673913043478261     -312.41850581813554
0.0026956521739130435    -784.8417439332562
0.0027173913043478264    -965.3341276404198
0.002739130434782609     -799.807457722777
0.0027608695652173916    -333.493736734774
0.002782608695652174     290.4178664241363
0.0028043478260869567    794.5883476522797
0.002826086956521739     982.1814705792077
0.0028478260869565218    776.9124865949894
0.0028695652173913047    290.97034937169684
0.0028913043478260873    -309.2255516393304
0.00291304347826087      -787.4138423209512
0.0029347826086956524    -964.8427248675835
0.002956521739130435     -803.196972317852
0.0029782608695652175    -328.8769121926831
0.003                    288.15439735029315
0.0030217391304347826    795.7158274087933
0.0030434782608695656    979.4571978846074
0.003065217391304348     776.8392470227542
0.0030869565217391307    290.52869647163965
0.0031086956521739133    -310.9131009646802
0.003130434782608696     -787.4340617502635
0.0031521739130434784    -964.120001051271
0.003173913043478261     -802.3844322201611
0.003195652173913044     -328.98346318943663
0.0032173913043478265    291.39108030917066
0.003239130434782609     795.2617081648764
0.0032608695652173916    979.3431649599353
