% Model:              
% Version:            COMSOL 5.2.1.229
% Date:               Aug 14 2017, 13:27
% Table:              Pressure Mic 2 - 
% Time (s)               Pressure (Pa), Point: 14
0                        4.230445378604264E-16
2.4390243902439026E-5    1.281664123346668E-9
4.878048780487805E-5     1.2243151273804912E-6
7.317073170731708E-5     1.9519194757503364E-6
9.75609756097561E-5      -0.001391862645562292
1.2195121951219512E-4    -0.00561198253627611
1.4634146341463417E-4    0.025479864317275096
1.707317073170732E-4     0.1867562766967481
1.951219512195122E-4     0.28983460827712754
2.1951219512195122E-4    -0.38725879739633207
2.4390243902439024E-4    -0.3416489172023015
2.682926829268293E-4     0.8114021714441229
2.9268292682926834E-4    -1.1487963156418728
3.1707317073170733E-4    1.991808345912304
3.414634146341464E-4     17.78201414242489
3.6585365853658537E-4    29.59813779180859
3.902439024390244E-4     30.45060446587529
4.1463414634146346E-4    19.34200447344327
4.3902439024390245E-4    1.1669195400214474
4.634146341463415E-4     -17.720622700015994
4.878048780487805E-4     -29.967061961648927
5.121951219512195E-4     -30.46738029104059
5.365853658536586E-4     -19.462565195839428
5.609756097560976E-4     -0.9559881190632277
5.853658536585367E-4     17.478637392656115
6.097560975609756E-4     29.814449341883115
6.341463414634147E-4     30.68675387371198
6.585365853658537E-4     19.582274843988138
6.829268292682927E-4     0.7068142783079003
7.073170731707318E-4     -17.64490426670695
7.317073170731707E-4     -29.305825124773715
7.560975609756098E-4     -30.71025865477506
7.804878048780488E-4     -19.128101849336616
8.048780487804879E-4     -0.8641582325855401
8.292682926829269E-4     17.746356030895015
8.536585365853659E-4     30.660639583519437
8.780487804878049E-4     28.43339945071929
9.024390243902439E-4     25.870752590659553
9.26829268292683E-4      17.79854765273143
9.51219512195122E-4      -0.4189384934181121
9.75609756097561E-4      -21.232196565218093
0.001                    -36.005247097846244
0.001024390243902439     -37.54824806165505
0.0010487804878048781    -23.793364389071353
0.0010731707317073172    1.59090061665049
0.0010975609756097562    28.829257403370303
0.0011219512195121953    47.08986600505676
0.0011463414634146343    49.85784395883302
0.0011707317073170733    36.76899311972194
0.0011951219512195122    11.838199441036297
0.0012195121951219512    -16.098612103740734
0.0012439024390243903    -37.23062761310508
0.0012682926829268293    -42.20269828218808
0.0012926829268292684    -31.270598172249283
0.0013170731707317074    -7.826814736521285
0.0013414634146341464    17.561274169234785
0.0013658536585365855    35.90559403101771
0.0013902439024390245    40.55308693822837
0.0014146341463414636    29.014271800619856
0.0014390243902439024    4.889574267797481
0.0014634146341463415    -21.34822937042153
0.0014878048780487805    -39.97633632750602
0.0015121951219512196    -43.467453015835915
0.0015365853658536586    -30.99351649848249
0.0015609756097560976    -7.311997983283723
0.0015853658536585367    19.650815279137714
0.0016097560975609757    38.86286698297113
0.0016341463414634148    43.76912022702729
0.0016585365853658538    31.083528313670186
0.0016829268292682929    7.244515018144984
0.0017073170731707317    -19.010280419238725
0.0017317073170731708    -37.53056461180016
0.0017560975609756098    -42.310184402958484
0.0017804878048780488    -30.599265642035157
0.0018048780487804879    -6.98550992034823
0.001829268292682927     19.80068463893485
0.001853658536585366     38.6043658638987
0.001878048780487805     42.78110507483238
0.001902439024390244     30.332361995900918
0.0019268292682926831    7.124555378299124
0.001951219512195122     -19.530300012762527
0.001975609756097561     -38.63027316215838
0.002                    -43.07204132359254
0.002024390243902439     -30.934534768713537
0.002048780487804878     -6.781057265255124
0.002073170731707317     19.386663417241216
0.0020975609756097562    38.17232841290811
0.0021219512195121953    42.55346588539539
0.0021463414634146343    31.011156349575934
0.0021707317073170734    7.20135152400937
0.0021951219512195124    -19.471033200887394
0.0022195121951219515    -38.57373505214628
0.0022439024390243905    -42.52428387655638
0.0022682926829268295    -30.557944564389693
0.0022926829268292686    -6.981091561742876
0.0023170731707317076    19.23875070982415
0.0023414634146341467    38.43872156563491
0.0023658536585365853    42.94404354782263
0.0023902439024390243    30.936841635846825
0.0024146341463414634    6.80133466383177
0.0024390243902439024    -19.482307925830188
0.0024634146341463415    -38.199818021428655
0.0024878048780487805    -42.569043543747924
0.0025121951219512196    -30.870200212768275
0.0025365853658536586    -7.096032193997463
0.0025609756097560977    19.410908267906546
0.0025853658536585367    38.66024053908332
0.0026097560975609758    42.633267425858556
0.002634146341463415     30.66337172306918
0.002658536585365854     6.952484816092504
0.002682926829268293     -19.271194146494363
0.002707317073170732     -38.28658361985603
0.002731707317073171     -42.9006034551905
0.00275609756097561      -30.782390535991446
0.002780487804878049     -6.924247955961592
0.002804878048780488     19.58801315389541
0.002829268292682927     38.27952377889922
0.0028536585365853662    42.617056451258826
0.002878048780487805     30.878809009923053
0.002902439024390244     7.262047268313705
0.002926829268292683     -19.338672515158027
0.002951219512195122     -38.48651639760931
0.002975609756097561     -42.71044987120401
0.003                    -30.60339632699011
0.003024390243902439     -7.067160465911048
0.003048780487804878     19.348235568958366
0.003073170731707317     38.169786678990945
0.0030975609756097562    42.870618179547115
0.0031219512195121953    30.882115410725813
0.0031463414634146343    7.107350381216962
0.0031707317073170734    -19.489961891924054
0.0031951219512195124    -38.14901340753628
0.0032195121951219515    -42.59243892348592
0.0032439024390243905    -30.752575179329828
0.0032682926829268296    -7.279437618514616
0.0032926829268292686    19.374458636375646
0.0033170731707317077    38.3526430152917
0.0033414634146341467    42.81547579242817
0.0033658536585365858    30.765364377751965
0.0033902439024390244    7.12793625124767
0.0034146341463414634    -19.132993240084694
0.0034390243902439025    -38.13535916748314
0.0034634146341463415    -42.65777524237567
0.0034878048780487805    -30.85578994975642
0.0035121951219512196    -7.038675853651268
0.0035365853658536586    19.42870791768304
0.0035609756097560977    38.231343986061994
0.0035853658536585367    42.53956775080217
0.0036097560975609758    30.797872338832715
0.003634146341463415     7.342696515316524
0.003658536585365854     -19.145248034546434
