% Model:              
% Version:            COMSOL 5.2.1.229
% Date:               Aug 14 2017, 13:27
% Table:              Ave P Plane Multiphysics - 
% Time (s)               aveop2(p) (Pa)
0                        8.664384166670366E-27
2.4390243902439026E-5    -5.624485929994362E-15
4.878048780487805E-5     -3.1481910822091076E-12
7.317073170731708E-5     2.2556465734896117E-10
9.75609756097561E-5      -1.2117866338120453E-8
1.2195121951219512E-4    2.3632974185848696E-7
1.4634146341463417E-4    3.87773493459938E-6
1.707317073170732E-4     -4.2915283765984063E-5
1.951219512195122E-4     -7.144697226977409E-4
2.1951219512195122E-4    -0.0037285793462322353
2.4390243902439024E-4    -0.009596201950090215
2.682926829268293E-4     -0.01462206169885809
2.9268292682926834E-4    -0.03973633112733938
3.1707317073170733E-4    -0.200507770580429
3.414634146341464E-4     -0.450358885249544
3.6585365853658537E-4    -0.10529986718967632
3.902439024390244E-4     0.49755657940704784
4.1463414634146346E-4    -0.5117128958566223
4.3902439024390245E-4    0.06258145920738736
4.634146341463415E-4     -0.8328281406904877
4.878048780487805E-4     0.4086225652436725
5.121951219512195E-4     -1.759400078817827
5.365853658536586E-4     5.353921008679782
5.609756097560976E-4     20.302457217366655
5.853658536585367E-4     31.241312084036156
6.097560975609756E-4     28.382348206818996
6.341463414634147E-4     16.724047305733166
6.585365853658537E-4     -4.676025241844613
6.829268292682927E-4     -17.252126805035157
7.073170731707318E-4     -15.706261219133173
7.317073170731707E-4     -10.747548421637543
7.560975609756098E-4     -5.066678795784738
7.804878048780488E-4     0.5136409271393757
8.048780487804879E-4     4.838335070886995
8.292682926829269E-4     8.030591475395951
8.536585365853659E-4     10.560106270616886
8.780487804878049E-4     11.4008189016216
9.024390243902439E-4     10.196305579492382
9.26829268292683E-4      7.13482980826412
9.51219512195122E-4      4.807952077247961
9.75609756097561E-4      2.4808958709507163
0.001                    1.843583592532175
0.001024390243902439     0.10348977617059008
0.0010487804878048781    0.6981289217901416
0.0010731707317073172    1.131964824445422
0.0010975609756097562    1.5632323762942384
0.0011219512195121953    0.2933873916914637
0.0011463414634146343    -0.871807888924713
0.0011707317073170733    -2.7811212196369652
0.0011951219512195122    -3.2068129814940027
0.0012195121951219512    -4.120445426688052
0.0012439024390243903    -4.413883324557727
0.0012682926829268293    -3.014783023789956
0.0012926829268292684    -0.8020318825962751
0.0013170731707317074    1.2017027720600681
0.0013414634146341464    1.9476739249616533
0.0013658536585365855    2.229943605259372
0.0013902439024390245    1.6806976577437267
0.0014146341463414636    0.6482178381610797
0.0014390243902439024    -0.9146904082899837
0.0014634146341463415    -1.995615488342103
0.0014878048780487805    -1.9252416835782935
0.0015121951219512196    -0.5488784215982231
0.0015365853658536586    0.7210020368518644
0.0015609756097560976    1.6595607908561543
0.0015853658536585367    2.4864311703994093
0.0016097560975609757    2.740909395113853
0.0016341463414634148    1.6292739855643186
0.0016585365853658538    -0.16506052351879116
0.0016829268292682929    -1.812898516524044
0.0017073170731707317    -2.4824139833824455
0.0017317073170731708    -2.1954136808413125
0.0017560975609756098    -1.5048324569934197
0.0017804878048780488    -0.28977691334390093
0.0018048780487804879    1.3639335017942171
0.001829268292682927     2.534848187257335
0.001853658536585366     2.457211755237026
0.001878048780487805     1.0910951448570068
0.001902439024390244     -0.25186900380202837
0.0019268292682926831    -1.4597035013256583
0.001951219512195122     -2.078129093570016
0.001975609756097561     -2.424940000323093
0.002                    -1.417068332209924
0.002024390243902439     0.047839643472334874
0.002048780487804878     1.924832334745892
0.002073170731707317     2.374052048244129
0.0020975609756097562    2.1947169957162136
0.0021219512195121953    1.3271170464665591
0.0021463414634146343    0.09464347523610116
0.0021707317073170734    -1.4502565890514472
0.0021951219512195124    -2.4965647790369623
0.0022195121951219515    -2.474666101963651
0.0022439024390243905    -1.2947118277485785
0.0022682926829268295    0.4182236055273776
0.0022926829268292686    1.3422566035281474
0.0023170731707317076    2.315730741253909
0.0023414634146341467    2.213178536440919
0.0023658536585365853    1.6342790956308573
0.0023902439024390243    -0.21400087157633008
0.0024146341463414634    -1.596373632986085
0.0024390243902439024    -2.5067194448754497
0.0024634146341463415    -2.0840206703822317
0.0024878048780487805    -1.3165721475251986
0.0025121951219512196    0.05083032976271551
0.0025365853658536586    1.3924422880084726
0.0025609756097560977    2.4810282317751216
0.0025853658536585367    2.46858462868678
0.0026097560975609758    1.3275321249153913
0.002634146341463415     -0.2413602267803973
0.002658536585365854     -1.4792582331571964
0.002682926829268293     -2.149061953416275
0.002707317073170732     -2.2965775871468512
0.002731707317073171     -1.3857285261187402
0.00275609756097561      0.03649538240796628
0.002780487804878049     1.75638009325594
0.002804878048780488     2.44478567316057
0.002829268292682927     2.26873157592752
0.0028536585365853662    1.1946648973837297
0.002878048780487805     0.005516535110825834
0.002902439024390244     -1.4626798359192263
0.002926829268292683     -2.3614781330442205
0.002951219512195122     -2.5006310055423246
0.002975609756097561     -1.3133854334816812
0.003                    0.24372931283263163
0.003024390243902439     1.6178180287495094
0.003048780487804878     2.3227952578629796
0.003073170731707317     2.3043505444768284
0.0030975609756097562    1.5506781294520555
0.0031219512195121953    -0.04064333719524967
0.0031463414634146343    -1.5424757570861924
0.0031707317073170734    -2.476945650863892
0.0031951219512195124    -2.269548842370427
0.0032195121951219515    -1.244661091358378
0.0032439024390243905    0.13589885838912738
0.0032682926829268296    1.509595068345081
0.0032926829268292686    2.4144402455062393
0.0033170731707317077    2.528701475982115
0.0033414634146341467    1.3505206371867908
0.0033658536585365858    -0.15470245552880782
0.0033902439024390244    -1.6088296692122102
0.0034146341463414634    -2.206705177780571
0.0034390243902439025    -2.2553570795606124
0.0034634146341463415    -1.3201801696895112
0.0034878048780487805    0.056590535982831064
0.0035121951219512196    1.665975428953226
0.0035365853658536586    2.4323156874723137
0.0035609756097560977    2.352297469964861
0.0035853658536585367    1.244119964286504
0.0036097560975609758    -0.07308382254144083
0.003634146341463415     -1.4403552812988405
0.003658536585365854     -2.266449836686595
