% Model:              
% Version:            COMSOL 5.2.1.229
% Date:               Aug 14 2017, 13:27
% Table:              Ave v Plane Mutiphysics - 
% Time (s)               aveop2(w) (m/s)
0                        -2.9037772179680248E-27
2.4390243902439026E-5    1.0255074454177271E-17
4.878048780487805E-5     7.233136830878076E-15
7.317073170731708E-5     -5.054528493527703E-13
9.75609756097561E-5      2.8034924453153856E-11
1.2195121951219512E-4    -5.709216841388625E-10
1.4634146341463417E-4    -8.811635310074283E-9
1.707317073170732E-4     1.040456057895881E-7
1.951219512195122E-4     1.6806414476514504E-6
2.1951219512195122E-4    8.67322350072482E-6
2.4390243902439024E-4    2.2017380367562123E-5
2.682926829268293E-4     3.277145669904744E-5
2.9268292682926834E-4    9.128239073227935E-5
3.1707317073170733E-4    4.7243474333549167E-4
3.414634146341464E-4     0.0010707062798779809
3.6585365853658537E-4    2.3741610292451088E-4
3.902439024390244E-4     -0.0012612362676371548
4.1463414634146346E-4    9.975477029238549E-4
4.3902439024390245E-4    -8.092249485984628E-4
4.634146341463415E-4     3.9186437153886696E-4
4.878048780487805E-4     -0.003219669178991261
5.121951219512195E-4     0.004397529710405015
5.365853658536586E-4     -0.010731454401181426
5.609756097560976E-4     -0.05135318425356978
5.853658536585367E-4     -0.07392189535563162
6.097560975609756E-4     -0.07099106416943478
6.341463414634147E-4     -0.036566484293751624
6.585365853658537E-4     0.004111801916564384
6.829268292682927E-4     0.06004406904749606
7.073170731707318E-4     0.11162525163336336
7.317073170731707E-4     0.11415747304259974
7.560975609756098E-4     0.06458012176965011
7.804878048780488E-4     -0.013676811921601275
8.048780487804879E-4     -0.09047097771693056
8.292682926829269E-4     -0.12960815885672577
8.536585365853659E-4     -0.11499044919973804
8.780487804878049E-4     -0.049180747898975946
9.024390243902439E-4     0.03950809994888096
9.26829268292683E-4      0.11916669675952729
9.51219512195122E-4      0.16052050880886656
9.75609756097561E-4      0.14743768661032053
0.001                    0.08059976714439315
0.001024390243902439     -0.013532996336093416
0.0010487804878048781    -0.10061699770451309
0.0010731707317073172    -0.1465198517101262
0.0010975609756097562    -0.1362607910488113
0.0011219512195121953    -0.07668342150795018
0.0011463414634146343    0.012690876913467236
0.0011707317073170733    0.09518350028110233
0.0011951219512195122    0.14169718284768554
0.0012195121951219512    0.12965866395588535
0.0012439024390243903    0.06690921147950003
0.0012682926829268293    -0.0219430742738056
0.0012926829268292684    -0.10309170485870256
0.0013170731707317074    -0.14678679961700555
0.0013414634146341464    -0.1351205004607281
0.0013658536585365855    -0.07238638412837871
0.0013902439024390245    0.018978570672996773
0.0014146341463414636    0.10306787028036056
0.0014390243902439024    0.14732238127048067
0.0014634146341463415    0.1352537643342565
0.0014878048780487805    0.07307238916559636
0.0015121951219512196    -0.015968866131676845
0.0015365853658536586    -0.09980422534140627
0.0015609756097560976    -0.14518765975286665
0.0015853658536585367    -0.1345577277633515
0.0016097560975609757    -0.07100060838681854
0.0016341463414634148    0.018663545047880162
0.0016585365853658538    0.10104652282108773
0.0016829268292682929    0.14493028156744228
0.0017073170731707317    0.13433002981534028
0.0017317073170731708    0.07236254788447473
0.0017560975609756098    -0.01842669557647008
0.0017804878048780488    -0.10179592775377001
0.0018048780487804879    -0.1463998694564687
0.001829268292682927     -0.13421729542864227
0.001853658536585366     -0.07231595239093971
0.001878048780487805     0.017372568602402768
0.001902439024390244     0.10034329776981851
0.0019268292682926831    0.14603194916416273
0.001951219512195122     0.13509014946493933
0.001975609756097561     0.07196029894650502
0.002                    -0.01820770992187768
0.002024390243902439     -0.10093017781770625
0.002048780487804878     -0.14491557921978682
0.002073170731707317     -0.13464971419698132
0.0020975609756097562    -0.07236957952017414
0.0021219512195121953    0.017173050951323918
0.0021463414634146343    0.10166204829139197
0.0021707317073170734    0.14563563974338747
0.0021951219512195124    0.13449362626239023
0.0022195121951219515    0.07170656328540116
0.0022439024390243905    -0.017225552287524388
0.0022682926829268295    -0.10043018839596797
0.0022926829268292686    -0.14580218619358642
0.0023170731707317076    -0.13515399465702332
0.0023414634146341467    -0.07214303120670154
0.0023658536585365853    0.017973303138945785
0.0023902439024390243    0.10096772435549713
0.0024146341463414634    0.1451692941114316
0.0024390243902439024    0.13449772040014757
0.0024634146341463415    0.07273294230313189
0.0024878048780487805    -0.017536515460291842
0.0025121951219512196    -0.10104043877663668
0.0025365853658536586    -0.14615342161513858
0.0025609756097560977    -0.13429409624997168
0.0025853658536585367    -0.0720943484289485
0.0026097560975609758    0.017816720658796043
0.002634146341463415     0.1004892429466209
0.002658536585365854     0.14582281128676874
0.002682926829268293     0.1349411550450918
0.002707317073170732     0.0723091259579442
0.002731707317073171     -0.018182151620170423
0.00275609756097561      -0.1008333221156753
0.002780487804878049     -0.14548162123038763
0.002804878048780488     -0.13443189485698243
0.002829268292682927     -0.07254911085199517
0.0028536585365853662    0.017212361975756013
0.002878048780487805     0.1010670911905237
0.002902439024390244     0.14558054932352793
0.002926829268292683     0.1347500507216318
0.002951219512195122     0.07176857091281434
0.002975609756097561     -0.017329297635566253
0.003                    -0.1004191518407031
0.003024390243902439     -0.14537158003792766
0.003048780487804878     -0.13508434876356498
0.003073170731707317     -0.07257001245122277
0.0030975609756097562    0.017584381356602778
0.0031219512195121953    0.1005701254919703
0.0031463414634146343    0.1453529495601393
0.0031707317073170734    0.13451284066433306
0.0031951219512195124    0.07276050786931164
0.0032195121951219515    -0.016846764638402158
0.0032439024390243905    -0.10038739624877795
0.0032682926829268296    -0.14580189676259356
0.0032926829268292686    -0.134893724469488
0.0033170731707317077    -0.07256593427934642
0.0033414634146341467    0.017021773068113085
0.0033658536585365858    0.09996875694079052
0.0033902439024390244    0.14538209467030286
0.0034146341463414634    0.13500070559573926
0.0034390243902439025    0.0730349542334711
0.0034634146341463415    -0.0172002639358658
0.0034878048780487805    -0.10054189658821026
0.0035121951219512196    -0.1453582459128285
0.0035365853658536586    -0.13479234017312783
0.0035609756097560977    -0.07275416676423706
0.0035853658536585367    0.01668571243320124
0.0036097560975609758    0.10029447210556557
0.003634146341463415     0.14546734510449794
0.003658536585365854     0.13512680590324078
