% Model:              
% Version:            COMSOL 5.2.1.229
% Date:               Aug 14 2017, 12:37
% Table:              Pressure Liner - (aveop1(p))
% Time (s)               aveop1(p) (Pa)
0                        -5.778808778177815E-34
7.407407407407407E-5     1.889611106867671E-7
1.4814814814814815E-4    5.036608406182815E-4
2.2222222222222223E-4    -0.011040818137713014
2.962962962962963E-4     -0.1661067014663539
3.7037037037037035E-4    -0.5633093101612362
4.4444444444444447E-4    -1.5891044677637511
5.185185185185185E-4     0.3136999630989251
5.925925925925926E-4     0.5389679509231916
6.666666666666666E-4     24.159006664194344
7.407407407407407E-4     38.57819897116885
8.148148148148148E-4     40.590527409761464
8.888888888888889E-4     35.510992185191135
9.62962962962963E-4      21.572793629972747
0.001037037037037037     2.5207235313161322
0.0011111111111111111    -19.612234048055306
0.0011851851851851852    -35.48755621487503
0.0012592592592592592    -39.00322624270072
0.0013333333333333333    -29.385870830258686
0.0014074074074074073    -6.822301576765084
0.0014814814814814814    17.82355544697886
0.0015555555555555555    36.50458172133315
0.0016296296296296295    41.14799090794346
0.0017037037037037036    29.70274408690125
0.0017777777777777779    6.930324845731237
0.001851851851851852     -19.073645437377934
0.001925925925925926     -36.95655440436912
0.002                    -41.28651857137526
0.002074074074074074     -30.068031206781978
0.002148148148148148     -6.897895283007259
0.0022222222222222222    18.231599108634626
0.0022962962962962963    37.00155503119047
0.0023703703703703703    41.28653570167333
0.0024444444444444444    29.70873964315731
0.0025185185185185185    6.753071726278014
0.0025925925925925925    -19.186968791193483
0.0026666666666666666    -36.97606199314075
0.0027407407407407406    -41.29809923586958
0.0028148148148148147    -29.919230047578356
0.0028888888888888888    -6.9704619854221255
0.002962962962962963     18.428910847785502
0.003037037037037037     37.09688630092497
0.003111111111111111     41.27132741731206
0.003185185185185185     29.806658913035836
0.003259259259259259     6.6221430076874315
0.003333333333333333     -19.022479000580425
0.003407407407407407     -37.25987673918444
0.0034814814814814812    -41.29480109589467
0.0035555555555555557    -29.76254744333335
0.00362962962962963      -7.214148372952333
0.003703703703703704     18.46724048127824
0.003777777777777778     36.927146820676214
0.003851851851851852     41.26907706845863
0.003925925925925926     29.849439810313378
0.004                    6.359697694742487
0.004074074074074074     -18.941572356329615
0.004148148148148148     -37.215489051426815
0.004222222222222222     -41.46488966570577
0.004296296296296296     -29.795867306167274
0.00437037037037037      -7.121723357437626
0.0044444444444444444    18.603846476943932
0.004518518518518518     37.02673151178139
0.0045925925925925926    41.150094620443355
0.004666666666666666     29.91465485440929
0.004740740740740741     6.6254876802384235
0.004814814814814815     -19.06634905262191
0.004888888888888889     -37.14032737321987
0.004962962962962963     -41.316883761720696
0.005037037037037037     -29.83262936729398
0.005111111111111111     -6.925587154436868
0.005185185185185185     18.39644075429359
0.0052592592592592595    37.036695413987644
0.005333333333333333     41.304549506711055
0.005407407407407408     29.661002453751333
0.005481481481481481     6.733214752409419
0.005555555555555556     -19.236133606106346
0.005629629629629629     -37.25930531955248
0.005703703703703704     -41.21578006581716
0.0057777777777777775    -29.989098228011937
0.005851851851851852     -7.033807578708161
0.005925925925925926     18.327592237456987
0.006                    37.07576549702439
0.006074074074074074     41.42503461091358
0.006148148148148148     29.624850034606304
0.006222222222222222     6.694946348259639
0.006296296296296296     -19.227367913105798
0.00637037037037037      -37.25190120334864
0.0064444444444444445    -41.09038236458548
0.006518518518518518     -30.103687989180933
0.006592592592592593     -7.065507477818029
0.006666666666666666     18.501927850481472
0.006740740740740741     36.97096992727708
0.006814814814814814     41.45891476423117
0.006888888888888889     29.63658953797505
0.0069629629629629625    6.5468594619999285
0.007037037037037037     -19.08138943425173
0.0071111111111111115    -37.37988291425823
0.007185185185185185     -41.07105106272568
0.00725925925925926      -30.024463326245005
0.007333333333333333     -7.13779927661901
0.007407407407407408     18.624716269906127
0.007481481481481481     36.85109919970197
0.007555555555555556     41.45212330429573
0.0076296296296296294    29.722579846538835
0.007703703703703704     6.527750461619771
0.0077777777777777776    -18.865548268676374
0.007851851851851851     -37.41512392314804
0.007925925925925927     -41.18640420442342
0.008                    -29.91538574130775
0.008074074074074074     -7.188204687360492
0.008148148148148147     18.61282867480228
0.008222222222222223     36.88098959370775
0.008296296296296296     41.37628371464823
0.00837037037037037      29.855076724968203
0.008444444444444444     6.426358602808998
0.008518518518518519     -19.02053569020717
0.008592592592592593     -37.28510492347431
0.008666666666666666     -41.241136617695275
0.00874074074074074      -29.88348751666318
0.008814814814814815     -7.243585184142012
0.008888888888888889     18.594843767105257
0.008962962962962963     37.00077803014008
0.009037037037037036     41.2116277899387
0.009111111111111111     29.86613917628435
0.009185185185185185     6.529616803257051
0.009259259259259259     -19.015971608600402
0.009333333333333332     -37.11231245271411
0.009407407407407408     -41.352289165346335
0.009481481481481481     -29.8337916005554
0.009555555555555555     -7.073101347473566
0.00962962962962963      18.47216840166927
0.009703703703703704     37.059576818223135
0.009777777777777778     41.290239853438905
0.009851851851851851     29.846814838875215
0.009925925925925927     6.640191805962704
0.01                     -19.235622277967163
0.010074074074074074     -37.17910837484117
0.010148148148148147     -41.27936063001511
0.010222222222222223     -30.207330612602284
0.010296296296296296     -7.023209627425722
0.01037037037037037      18.490334391386668
0.010444444444444444     37.10674524584946
0.010518518518518519     41.325641482140284
0.010592592592592593     29.664190688270626
0.010666666666666666     6.74334457711432
0.01074074074074074      -19.170947295797966
0.010814814814814815     -37.30612593566882
0.010888888888888889     -41.2077280090606
0.010962962962962963     -29.96656521115623
0.011037037037037036     -7.208499969130828
0.011111111111111112     18.569381062432775
