% Model:              
% Version:            COMSOL 5.2.1.229
% Date:               Aug 10 2017, 15:39
% Table:              Ave P Plane Acoustic - P plane ac (aveop3(p2))
% Time (s)               Average Pressure Plane Acoustic (Pa)
0                        2.7618980566355578E-21
1.0E-4                   4.906336756288333E-7
2.0E-4                   0.032188649667204826
3.0000000000000003E-4    -3.335757621160372
4.0E-4                   -1.656749149518988
5.0E-4                   271.191346387571
6.000000000000001E-4     555.078296317349
7.0E-4                   70.9517389506004
8.0E-4                   -299.15744065304096
9.000000000000001E-4     -159.52002589514072
0.001                    358.3916146103639
0.0011                   461.4925421072992
0.0012000000000000001    -42.89951757876073
0.0013000000000000002    -431.04134899171993
0.0014                   -204.47801378683607
0.0015                   297.3884061097426
0.0016                   443.10899252979755
0.0017000000000000001    -51.149427887515884
0.0018000000000000002    -445.2610186586744
0.0019                   -200.46578369677846
0.002                    292.2395773154634
0.0021000000000000003    441.6387348697132
0.0022                   -52.746847362606246
0.0023                   -446.81176558208625
0.0024000000000000002    -203.71778608770623
0.0025                   289.64099161356984
0.0026000000000000003    440.3304886971288
0.0027                   -55.32992816695795
0.0028                   -448.0123321750504
0.0029000000000000002    -206.19806638966975
0.003                    292.3700091868614
0.0031000000000000003    440.4636436708883
0.0032                   -54.37253052840394
0.0033                   -448.18909438514913
0.0034000000000000002    -203.86269445790063
0.0035                   291.3805068372686
0.0036000000000000003    442.16407803067773
0.0037                   -53.322376598259766
0.0038                   -447.484800468778
0.0039000000000000003    -204.2147146816046
0.004                    292.44530167042126
0.0041                   442.75024268605705
0.004200000000000001     -52.57464512003493
0.0043                   -448.63168553204645
0.0044                   -204.59954525644682
0.0045000000000000005    291.40432549550013
0.0046                   441.6853999258108
0.0047                   -53.6782093327584
0.0048000000000000004    -447.8368667014038
0.0049                   -205.01794065156605
0.005                    293.3137521031714
0.0051                   442.63555540482696
0.005200000000000001     -52.84476995705497
0.0053                   -449.3243794524833
0.0054                   -204.8022617223089
0.0055000000000000005    291.83585704152796
0.0056                   442.82249869132494
0.0057                   -51.704065025921736
0.0058000000000000005    -448.2463365501372
0.0059                   -203.84077900008387
0.006                    292.13467317003585
0.0061                   442.0615041676226
0.006200000000000001     -53.801256752587356
0.0063                   -448.0667796956587
0.0064                   -204.5251974120999
0.006500000000000001     293.69551279410774
0.0066                   442.5965146580314
0.0067                   -52.393986554940184
0.0068000000000000005    -448.51231169132916
0.006900000000000001     -203.9235925465132
0.007                    292.18050674554587
0.0071                   443.7782179468109
0.007200000000000001     -51.78198666643228
0.0073                   -447.98876690653964
0.0074                   -203.42687706217887
0.007500000000000001     292.29701436913774
0.0076                   442.2131316377295
0.0077                   -53.866465277477054
0.0078000000000000005    -447.1128121898698
0.0079                   -204.8593445889254
0.008                    290.92008120176956
0.0081                   442.172125595241
0.0082                   -52.944183178209904
0.0083                   -446.8423601103518
0.008400000000000001     -202.64030158297535
0.0085                   292.80993833234754
0.0086                   442.15519344222685
0.008700000000000001     -53.051563788010014
0.0088                   -447.30245042912503
0.0089                   -202.87802774299627
0.009000000000000001     293.4291450318973
0.0091                   442.272547469373
0.0092                   -52.07047619078894
0.009300000000000001     -446.6624621295283
0.0094                   -203.10176829515268
0.0095                   295.0783573359081
0.009600000000000001     442.79869925031295
0.0097                   -52.96311587330023
0.0098                   -446.9248783104958
0.0099                   -203.11824578517576
0.01                     292.8527663857969
0.010100000000000001     443.87324837052574
0.0102                   -51.287155476860725
0.0103                   -447.8225632567722
0.010400000000000001     -203.32434786435442
0.0105                   292.75700923896864
0.0106                   442.8228299464402
0.010700000000000001     -51.73500998291855
0.0108                   -446.6488073156643
0.0109                   -202.4169405983598
0.011000000000000001     292.9906226463404
0.0111                   444.01799664466495
0.0112                   -51.01831079946914
0.011300000000000001     -446.9882367616402
0.0114                   -203.9000913950022
0.0115                   294.12866801771463
0.011600000000000001     443.465594694353
0.0117                   -51.6638411255198
0.0118                   -447.0304304191206
0.0119                   -202.44258234605752
0.012                    293.6283252390495
0.012100000000000001     444.8313297004648
0.0122                   -50.49463524765753
0.0123                   -446.586990493304
0.012400000000000001     -201.99549444166735
0.0125                   293.6027761395287
0.0126                   444.10570561150575
0.012700000000000001     -50.51875577903591
0.0128                   -445.97997826946977
0.0129                   -201.9038623491836
0.013000000000000001     293.9298265975769
0.0131                   444.31265593778215
0.0132                   -51.94256305202059
0.013300000000000001     -445.9150826907295
0.0134                   -201.35574610002593
0.0135                   295.6105498879802
0.013600000000000001     444.23457244934787
0.0137                   -50.36241482347375
0.013800000000000002     -445.3968731275784
0.013900000000000001     -202.40447582690354
0.014                    294.2084469667656
0.014100000000000001     444.5489676820672
0.0142                   -51.02153754061737
0.0143                   -445.3424650316628
0.014400000000000001     -200.8202140623957
0.0145                   292.15676880325435
0.0146                   445.0934982762867
0.014700000000000001     -48.89551267966788
0.0148                   -444.5887410140668
0.0149                   -201.59181424427047
0.015000000000000001     294.66305470876733
0.0151                   444.6975703925558
0.0152                   -51.28558766082025
0.015300000000000001     -445.5179865175141
0.0154                   -201.92331335215647
0.0155                   294.1859775813147
0.015600000000000001     444.8168509797371
0.015700000000000002     -49.9443121242359
0.0158                   -445.2216448587052
0.0159                   -200.96034274382455
0.016                    295.06805219918584
0.0161                   445.48341100502626
0.0162                   -49.06958821030042
0.016300000000000002     -444.80792629402316
0.0164                   -201.70483074396498
0.0165                   296.2126532334964
0.0166                   444.6391242861251
0.0167                   -50.23435405545235
0.016800000000000002     -444.940346150586
0.016900000000000002     -200.11593869724808
0.017                    297.24454081538926
0.0171                   444.14696173662907
0.0172                   -50.91440833725891
0.0173                   -444.1404769140389
0.017400000000000002     -199.1068035220668
0.0175                   298.77456772151623
0.0176                   445.0201410602286
0.0177                   -49.05388677301549
0.0178                   -443.70832461314797
0.0179                   -198.99465686602338
0.018000000000000002     297.9964416339071
0.0181                   445.1827555336926
0.0182                   -48.50911641516566
0.0183                   -443.7058704198068
0.0184                   -198.56692510506835
0.018500000000000003     299.61688186386516
0.018600000000000002     445.0126584723176
0.0187                   -48.38469478168738
0.0188                   -442.87488314443885
0.0189                   -197.69383794833468
0.019                    298.659821090983
0.019100000000000002     445.5508743118451
0.019200000000000002     -49.44967318723721
0.0193                   -443.40352692498163
0.0194                   -197.93984546944353
0.0195                   296.2342056816636
0.0196                   446.26601497680525
0.019700000000000002     -48.47169928381613
0.0198                   -444.0777733872436
0.0199                   -199.55297119541927
0.02                     295.3781801790417
