% Model:              
% Version:            COMSOL 5.2.1.229
% Date:               Aug 11 2017, 23:38
% Table:              Pressure Liner - (aveop1(p))
% Time (s)               aveop1(p) (Pa)
0                        -1.5094122031997477E-49
2.9850746268656717E-5    -4.19597925372558E-25
5.9701492537313435E-5    -5.100402456199332E-20
8.955223880597016E-5     -4.4579839230297505E-12
1.1940298507462687E-4    -3.5534903307411384E-9
1.4925373134328358E-4    2.9899261028186853E-7
1.791044776119403E-4     -1.5498161159101468E-5
2.08955223880597E-4      1.7538621170754668E-4
2.3880597014925374E-4    0.005271735124746004
2.6865671641791044E-4    0.008375232462322644
2.9850746268656717E-4    -0.2283127026086376
3.283582089552239E-4     -1.7726266816995409
3.582089552238806E-4     -6.508730345161326
3.8805970149253735E-4    -13.178735579485599
4.17910447761194E-4      -8.170310414261188
4.4776119402985075E-4    14.32126643817705
4.776119402985075E-4     -3.6374339510758165
5.074626865671642E-4     -10.038209066731278
5.373134328358209E-4     14.2908326635367
5.671641791044777E-4     -8.32520875175821
5.970149253731343E-4     -14.503914271718441
6.268656716417911E-4     431.6474022015114
6.567164179104478E-4     780.9822646317491
6.865671641791045E-4     815.0919391066393
7.164179104477612E-4     494.287743952138
7.462686567164179E-4     19.192633755932324
7.761194029850747E-4     -430.1046083752305
8.059701492537314E-4     -709.0548428765441
8.35820895522388E-4      -725.9035293317656
8.656716417910448E-4     -468.93584318801516
8.955223880597015E-4     -9.506605832661922
9.253731343283583E-4     489.3317471978338
9.55223880597015E-4      770.1801165847905
9.850746268656716E-4     754.1279398976536
0.0010149253731343284    456.31334352603056
0.0010447761194029852    -1.5744398960967572
0.0010746268656716418    -461.95191506496406
0.0011044776119402985    -738.4202483764618
0.0011343283582089553    -750.3872191109176
0.0011641791044776119    -475.6030844178802
0.0011940298507462687    -27.69847170858842
0.0012238805970149255    476.5671821870966
0.0012537313432835822    760.0504037221743
0.0012835820895522388    729.5326056673658
0.0013134328358208956    422.7939002183134
0.0013432835820895524    4.816596799653168
0.001373134328358209     -456.5764600721931
0.0014029850746268657    -751.5301722901445
0.0014328358208955225    -760.1647751931213
0.001462686567164179     -473.509067989785
0.0014925373134328358    -30.847407478758086
0.0015223880597014926    461.9723856134554
0.0015522388059701494    757.8835994268474
0.001582089552238806     724.489693307674
0.0016119402985074627    416.3897322930642
0.0016417910447761195    -7.964358764787393
0.001671641791044776     -448.195077636483
0.0017014925373134329    -758.641529175211
0.0017313432835820897    -766.2551551838309
0.0017611940298507462    -474.7015911550277
0.001791044776119403     -24.87381810763063
0.0018208955223880598    455.506540637037
0.0018507462686567166    750.0064087560232
0.0018805970149253731    731.114496009988
0.00191044776119403      411.21340119225545
0.0019402985074626867    -14.240787180004395
0.0019701492537313433    -455.79459681810476
0.002                    -751.0617384441028
0.002029850746268657     -772.5303196824614
0.0020597014925373136    -475.3961680507776
0.0020895522388059704    -20.004010348555507
0.0021194029850746267    462.0833552438672
0.0021492537313432835    742.2545455198913
0.0021791044776119403    732.1765855890362
0.002208955223880597     415.4573805987195
0.002238805970149254     -16.165326114920052
0.0022686567164179106    -458.31502882420307
0.0022985074626865674    -751.1498922690249
0.0023283582089552238    -771.1685404346404
0.0023582089552238806    -484.256457969362
0.0023880597014925373    -18.40831964170668
0.002417910447761194     463.17700368333476
0.002447761194029851     745.3282830063199
0.0024776119402985077    726.5747592049983
0.0025074626865671645    421.38869248666225
0.002537313432835821     -15.173506611493822
0.0025671641791044776    -460.1380890092304
0.0025970149253731344    -754.895701793527
0.002626865671641791     -769.0938046147752
0.002656716417910448     -483.26855122868585
0.0026865671641791047    -19.90955209485909
0.002716417910447761     464.83217782623313
0.002746268656716418     744.7408419287602
0.0027761194029850746    726.0980091884767
0.0028059701492537314    414.5389594614042
0.002835820895522388     -9.118570153847172
0.002865671641791045     -460.817212938749
0.0028955223880597018    -754.1091849516085
0.002925373134328358     -771.1627436517571
0.002955223880597015     -477.0750924635651
0.0029850746268656717    -23.77029062747922
0.0030149253731343285    464.41680653624826
0.0030447761194029852    746.5351598176304
0.003074626865671642     724.2741504567606
0.003104477611940299     416.229827614572
0.003134328358208955     -7.9568135267713265
0.003164179104477612     -457.0349120909719
0.0031940298507462687    -754.8160407460252
0.0032238805970149255    -769.4543517450433
0.0032537313432835823    -481.9978542837349
0.003283582089552239     -17.718647281722397
0.003313432835820896     459.49520046964057
0.003343283582089552     746.9642627224243
0.003373134328358209     725.0959626119111
0.0034029850746268657    418.5942422065699
0.0034328358208955225    -12.142246017186721
0.0034626865671641793    -455.69777211538127
0.003492537313432836     -754.6879519816682
0.0035223880597014924    -770.7498601544274
0.0035522388059701492    -481.45931457928356
0.003582089552238806     -20.294315646799202
0.003611940298507463     460.83999559199964
0.0036417910447761196    743.9116325259819
0.0036716417910447764    725.9636163705482
0.003701492537313433     416.63435809948504
0.0037313432835820895    -8.710395701474992
0.0037611940298507463    -457.2577263595944
0.003791044776119403     -750.8971647070741
0.00382089552238806      -772.0025752165175
0.0038507462686567166    -481.86279874701125
0.0038805970149253734    -21.014338134586826
0.00391044776119403      463.6060250767017
0.0039402985074626865    744.3234766556017
0.003970149253731343     726.6773736831236
0.004                    418.01609463430583
0.004029850746268657     -12.405942477936216
0.004059701492537314     -458.72309463341617
0.00408955223880597      -753.7382254623076
0.004119402985074627     -770.2278698273531
0.004149253731343284     -482.8691850793379
0.004179104477611941     -18.757183022760536
0.0042089552238805976    461.24574692604006
0.0042388059701492535    745.159069998175
0.00426865671641791      723.0773966448037
0.004298507462686567     421.0998500622696
0.004328358208955224     -12.258747693102586
0.004358208955223881     -455.31601979871016
0.004388059701492537     -753.2378882200723
0.004417910447761194     -769.8243556200129
0.004447761194029851     -482.6824138630865
0.004477611940298508     -20.42857295866262
