% Model:              
% Version:            COMSOL 5.2.1.229
% Date:               Aug 11 2017, 23:38
% Table:              Av vel Plane Acoustic - V plane ac (aveop3(actd.a_inst/(2*pi*f0)))
% Time (s)               Average Velocity Plane Acoustic (m/s^2)
0                        7.790874094377171E-14
2.9850746268656717E-5    6.37145505586186E-7
5.9701492537313435E-5    1.776209011055686E-4
8.955223880597016E-5     0.006872208190833292
1.1940298507462687E-4    -0.41270012485583113
1.4925373134328358E-4    -4.467609166991909
1.791044776119403E-4     -8.01585800461089
2.08955223880597E-4      63.3510676535081
2.3880597014925374E-4    292.61029940789206
2.6865671641791044E-4    -142.62018607914436
2.9850746268656717E-4    -2761.9270529612886
3.283582089552239E-4     -1524.777865137915
3.582089552238806E-4     3535.958798750191
3.8805970149253735E-4    -5543.277965996273
4.17910447761194E-4      6392.513574211845
4.4776119402985075E-4    -5938.495733537743
4.776119402985075E-4     -26791.818150240328
5.074626865671642E-4     -12581.533405446113
5.373134328358209E-4     3136.6581322143425
5.671641791044777E-4     19256.87714910893
5.970149253731343E-4     25470.773133061655
6.268656716417911E-4     30185.785751470306
6.567164179104478E-4     13667.577813759015
6.865671641791045E-4     1859.9256559858384
7.164179104477612E-4     -24792.216176250105
7.462686567164179E-4     -17463.362284841605
7.761194029850747E-4     -10931.823097095556
8.059701492537314E-4     -13829.54700777569
8.35820895522388E-4      -10048.89256278233
8.656716417910448E-4     3487.7111547808377
8.955223880597015E-4     14256.801944871519
9.253731343283583E-4     24705.704254669403
9.55223880597015E-4      18750.682441701767
9.850746268656716E-4     8701.400739514682
0.0010149253731343284    -8744.484012768313
0.0010447761194029852    -16046.29856028927
0.0010746268656716418    -21199.040655594916
0.0011044776119402985    -19520.546084719397
0.0011343283582089553    -8277.874959569686
0.0011641791044776119    4050.173402016944
0.0011940298507462687    15713.431418280365
0.0012238805970149255    21600.62691822196
0.0012537313432835822    19857.573358730086
0.0012835820895522388    8862.453462270869
0.0013134328358208956    -7058.91762039975
0.0013432835820895524    -16798.28208085393
0.001373134328358209     -18753.695818820514
0.0014029850746268657    -20466.38915010236
0.0014328358208955225    -8862.179635190321
0.001462686567164179     5586.925572338066
0.0014925373134328358    16905.65462859628
0.0015223880597014926    20281.882820026865
0.0015522388059701494    18621.740130314607
0.001582089552238806     10393.796148670186
0.0016119402985074627    -7192.26724054271
0.0016417910447761195    -17472.855743507203
0.001671641791044776     -20115.72485733577
0.0017014925373134329    -17747.169992941836
0.0017313432835820897    -11262.436121827328
0.0017611940298507462    5728.253797209279
0.001791044776119403     18505.065821094042
0.0018208955223880598    20915.992561896892
0.0018507462686567166    16859.16376329181
0.0018805970149253731    11202.143983265187
0.00191044776119403      -6711.61859440846
0.0019402985074626867    -18195.23195400681
0.0019701492537313433    -20320.978442939817
0.002                    -17466.91884657452
0.002029850746268657     -10335.753571191288
0.0020597014925373136    4382.137870292594
0.0020895522388059704    18811.24344669875
0.0021194029850746267    21143.304493994972
0.0021492537313432835    17534.950963328298
0.0021791044776119403    9504.255675780685
0.002208955223880597     -4543.946704188411
0.002238805970149254     -18294.378099373138
0.0022686567164179106    -21174.97717287413
0.0022985074626865674    -17034.391077514218
0.0023283582089552238    -10547.498288388128
0.0023582089552238806    5151.472904991484
0.0023880597014925373    17532.42989069902
0.002417910447761194     22349.845842722887
0.002447761194029851     17391.599001677194
0.0024776119402985077    9779.957268198776
0.0025074626865671645    -5511.761183274289
0.002537313432835821     -16727.068567889128
0.0025671641791044776    -21742.591097171076
0.0025970149253731344    -17500.841988406126
0.002626865671641791     -10212.839553830932
0.002656716417910448     5206.270871887939
0.0026865671641791047    17528.44839674874
0.002716417910447761     21648.43375766673
0.002746268656716418     18231.901487493113
0.0027761194029850746    9216.247849864922
0.0028059701492537314    -4961.382418798754
0.002835820895522388     -17807.995374529564
0.002865671641791045     -20590.235580476663
0.0028955223880597018    -18496.464645013668
0.002925373134328358     -9595.749992704823
0.002955223880597015     5011.285690703472
0.0029850746268656717    18096.892580343185
0.0030149253731343285    20769.06601675135
0.0030447761194029852    18392.125820817688
0.003074626865671642     9565.153153387988
0.003104477611940299     -5307.650642523941
0.003134328358208955     -17786.99750234611
0.003164179104477612     -20782.224219509775
0.0031940298507462687    -17756.3625621456
0.0032238805970149255    -10750.919148349514
0.0032537313432835823    5916.051392613862
0.003283582089552239     17536.946313822933
0.003313432835820896     21480.013366126143
0.003343283582089552     17551.280122762015
0.003373134328358209     10412.27525888662
0.0034029850746268657    -5916.00446641622
0.0034328358208955225    -17259.09295715279
0.0034626865671641793    -21092.003006259718
0.003492537313432836     -17806.696743979985
0.0035223880597014924    -10562.20140774089
0.0035522388059701492    5280.104855879266
0.003582089552238806     17997.12004446191
0.003611940298507463     21058.1935722646
0.0036417910447761196    17978.608523973537
0.0036716417910447764    9652.568947568167
0.003701492537313433     -5064.128533024027
0.0037313432835820895    -18112.384580560985
0.0037611940298507463    -20674.363601014284
0.003791044776119403     -17923.643553922077
0.00382089552238806      -10190.316570306593
0.0038507462686567166    5366.5274845619015
0.0038805970149253734    18024.668714428255
0.00391044776119403      21024.80638183877
0.0039402985074626865    17840.61512229523
0.003970149253731343     9769.64565919238
0.004                    -5535.982392194187
0.004029850746268657     -17236.005510336934
0.004059701492537314     -21149.316860953186
0.00408955223880597      -17780.668334981525
0.004119402985074627     -10386.487014928092
0.004149253731343284     5682.972489260939
0.004179104477611941     17354.03328772108
0.0042089552238805976    21694.733474977773
0.0042388059701492535    17717.078341764845
0.00426865671641791      10117.08368157429
0.004298507462686567     -5708.719926835245
0.004328358208955224     -17358.58236257516
0.004358208955223881     -21229.012832595447
0.004388059701492537     -17761.559072154127
0.004417910447761194     -10584.687044025732
0.004447761194029851     5752.703257585605
0.004477611940298508     17879.310413418687
