% Model:              
% Version:            COMSOL 5.2.1.229
% Date:               Aug 12 2017, 00:01
% Table:              Pressure Mic 1 - 
% Time (s)               Pressure (Pa), Point: 15
0                        3.189103158357829E-13
2.2988505747126437E-5    6.916716747522355E-6
4.597701149425287E-5     -4.2224757847831717E-4
6.896551724137931E-5     0.016862863407014896
9.195402298850575E-5     0.10660977637216824
1.1494252873563218E-4    -0.29888484591550674
1.3793103448275863E-4    -2.479453679298983
1.6091954022988506E-4    -1.7634955412193338
1.839080459770115E-4     11.451061563397168
2.0689655172413793E-4    -4.129230185833819
2.2988505747126436E-4    -1.4686685551527063
2.528735632183908E-4     -7.54379629340584
2.7586206896551725E-4    236.88586361251996
2.9885057471264366E-4    485.85928753439777
3.218390804597701E-4     564.1318422227394
3.448275862068965E-4     407.33615747766106
3.67816091954023E-4      110.73439555266135
3.9080459770114945E-4    -236.99874204631885
4.1379310344827585E-4    -492.4367025203819
4.367816091954023E-4     -557.1487548598765
4.597701149425287E-4     -414.17066949228774
4.827586206896552E-4     -108.08951619075901
5.057471264367816E-4     236.55663241277205
5.28735632183908E-4      487.30640941409507
5.517241379310345E-4     559.0369467706108
5.747126436781609E-4     413.64398257244636
5.977011494252873E-4     102.427208985255
6.206896551724138E-4     -239.9117013812081
6.436781609195402E-4     -498.99128099515434
6.666666666666666E-4     -566.9000035436783
6.89655172413793E-4      -416.749101533416
7.126436781609196E-4     -103.7580498106559
7.35632183908046E-4      241.8449862792473
7.586206896551724E-4     485.94860249324046
7.816091954022989E-4     558.9512435242841
8.045977011494253E-4     417.14937348263163
8.275862068965517E-4     106.1966636912158
8.505747126436781E-4     -230.64802747834787
8.735632183908046E-4     -495.8353283041217
8.96551724137931E-4      -550.6752390911422
9.195402298850574E-4     -410.23489517530504
9.42528735632184E-4      -125.6951638579144
9.655172413793104E-4     399.5540826943845
9.885057471264369E-4     816.5717835422281
0.0010114942528735632    863.5877831174087
0.0010344827586206897    557.7160131029734
0.001057471264367816     20.40462199092369
0.0010804597701149425    -532.8390920446751
0.001103448275862069     -855.0216928936269
0.0011264367816091953    -826.304125944684
0.0011494252873563218    -472.78871657726484
0.0011724137931034483    81.49848501231601
0.0011954022988505746    605.3782294787695
0.0012183908045977011    914.8248708392389
0.0012413793103448277    903.0372113338768
0.001264367816091954     569.4442382820353
0.0012873563218390805    -9.412129136087621
0.001310344827586207     -574.4226361772423
0.0013333333333333333    -893.273884032525
0.0013563218390804598    -869.1943509393126
0.001379310344827586     -518.7012044859001
0.0014022988505747126    34.115153011885845
0.0014252873563218391    600.6586323139309
0.0014482758620689654    942.8422158726698
0.001471264367816092     915.9968187069579
0.0014942528735632185    557.0101305480638
0.0015172413793103448    -21.318960592823103
0.0015402298850574713    -582.5175780553269
0.0015632183908045978    -909.9884667596536
0.001586206896551724     -885.6169959119646
0.0016091954022988506    -553.2741465981974
0.001632183908045977     25.294831204290602
0.0016551724137931034    597.5430344260343
0.00167816091954023      936.1421826007187
0.0017011494252873562    907.3055927554802
0.0017241379310344827    544.7221586800366
0.0017471264367816092    -24.852082108483003
0.0017701149425287355    -582.7571553520525
0.001793103448275862     -914.7667346281034
0.0018160919540229886    -899.833105765671
0.0018390804597701149    -554.6959664044776
0.0018620689655172414    21.388231260757568
0.001885057471264368     599.6802617108436
0.0019080459770114942    930.9011276733784
0.0019310344827586207    898.897243734083
0.001954022988505747     543.6281989105279
0.0019770114942528737    -20.64893766491894
0.002                    -582.3385005873423
0.0020229885057471263    -921.0285982193676
0.002045977011494253     -904.1788437517034
0.0020689655172413794    -555.9436980766312
0.0020919540229885057    26.443184730709074
0.002114942528735632     594.1732703502166
0.0021379310344827587    927.688709448694
0.002160919540229885     896.8807877425944
0.0021839080459770113    547.8543651082575
0.002206896551724138     -20.54844882010434
0.0022298850574712643    -586.7960504097589
0.0022528735632183906    -925.9660465853109
0.0022758620689655173    -904.6265173876412
0.0022988505747126436    -551.1769124440149
0.00232183908045977      25.68033438888917
0.0023448275862068967    593.0146089842344
0.002367816091954023     924.3251086708203
0.0023908045977011493    901.0756056982591
0.002413793103448276     547.9382921080743
0.0024367816091954023    -20.870224853624055
0.0024597701149425286    -590.3887655094052
0.0024827586206896553    -924.7563737704497
0.0025057471264367816    -901.1696161492578
0.002528735632183908     -548.642291106795
0.0025517241379310347    23.111597976067294
0.002574712643678161     589.9180738054406
0.0025977011494252873    928.1808976682614
0.002620689655172414     900.3983923298068
0.0026436781609195403    553.0515297228118
0.0026666666666666666    -24.959609340503
0.002689655172413793     -588.4450268391096
0.0027126436781609196    -923.6837707639567
0.002735632183908046     -900.0710300167589
0.002758620689655172     -549.9979819456044
0.002781609195402299     20.777689625930815
0.0028045977011494252    590.9135664511269
0.0028275862068965515    928.287144603264
0.0028505747126436783    903.6456654414797
0.0028735632183908046    548.2259501910207
0.002896551724137931     -24.51318053364294
0.0029195402298850576    -588.1779658186565
0.002942528735632184     -922.5876064635604
0.00296551724137931      -899.4819635393562
0.002988505747126437     -551.0348510724665
0.003011494252873563     19.748211170896106
0.0030344827586206895    593.8369743970502
0.0030574712643678162    927.3988282391979
0.0030804597701149425    903.77276839978
0.003103448275862069     546.7584121083206
0.0031264367816091956    -25.392549929910647
0.003149425287356322     -587.0452382031492
0.003172413793103448     -924.6548808888709
0.003195402298850575     -899.4548313389963
0.003218390804597701     -554.3305885562596
0.0032413793103448275    23.750111308401493
0.003264367816091954     592.5045550918247
0.0032873563218390805    929.8051064302978
0.003310344827586207     901.4977684573962
0.003333333333333333     545.6199032346459
0.00335632183908046      -22.89305263485046
0.003379310344827586     -588.9619353861248
0.0034022988505747124    -921.309444367754
0.003425287356321839     -902.7306546128534
0.0034482758620689655    -551.5946201937643
