% Model:              
% Version:            COMSOL 5.2.1.229
% Date:               Aug 12 2017, 00:01
% Table:              Velocity Liner - V Liner (aveop1(w))
% Time (s)               aveop1(w) (m/s)
0                        -1.2722381035981789E-67
2.2988505747126437E-5    -1.0851042989556762E-38
4.597701149425287E-5     5.190916307788152E-34
6.896551724137931E-5     -2.418659115898022E-25
9.195402298850575E-5     1.6952031668600177E-20
1.1494252873563218E-4    1.5631768829441723E-17
1.3793103448275863E-4    -9.420794242845758E-17
1.6091954022988506E-4    -7.792144670551779E-14
1.839080459770115E-4     2.1469625828182775E-13
2.0689655172413793E-4    2.1965048087550195E-10
2.2988505747126436E-4    -5.323720229140184E-9
2.528735632183908E-4     -3.660004723226319E-8
2.7586206896551725E-4    6.330997582125205E-7
2.9885057471264366E-4    6.229033507138521E-6
3.218390804597701E-4     1.7812188669402416E-5
3.448275862068965E-4     3.838440729317732E-6
3.67816091954023E-4      -9.29893939997876E-5
3.9080459770114945E-4    -1.500596897066954E-4
4.1379310344827585E-4    3.4769557676834063E-4
4.367816091954023E-4     0.0012783653013859317
4.597701149425287E-4     9.983240695465655E-5
4.827586206896552E-4     -0.0017980684573224218
5.057471264367816E-4     0.0019029392749148337
5.28735632183908E-4      -0.0021145784407553257
5.517241379310345E-4     0.003220162015049126
5.747126436781609E-4     -0.008207025656578925
5.977011494252873E-4     0.012394942087184127
6.206896551724138E-4     -0.06799792426469886
6.436781609195402E-4     -0.3351706327784115
6.666666666666666E-4     -0.615676071800426
6.89655172413793E-4      -0.7133060817720758
7.126436781609196E-4     -0.5828668021472504
7.35632183908046E-4      -0.24630155092418773
7.586206896551724E-4     0.2582551468906987
7.816091954022989E-4     0.7165152799638603
8.045977011494253E-4     0.9633212121440047
8.275862068965517E-4     0.8584446136460705
8.505747126436781E-4     0.4148077573457849
8.735632183908046E-4     -0.11812113878081117
8.96551724137931E-4      -0.5290951024811021
9.195402298850574E-4     -0.6907947986782541
9.42528735632184E-4      -0.6573575273405443
9.655172413793104E-4     -0.35119572784656844
9.885057471264369E-4     0.16138028439654717
0.0010114942528735632    0.6332234355222564
0.0010344827586206897    0.8333052134028177
0.001057471264367816     0.7437017010954468
0.0010804597701149425    0.41753102003344245
0.001103448275862069     -0.05213683296503676
0.0011264367816091953    -0.5044483253756623
0.0011494252873563218    -0.7209666215666164
0.0011724137931034483    -0.6967626235119375
0.0011954022988505746    -0.372148498700786
0.0012183908045977011    0.126567850012268
0.0012413793103448277    0.5869251301934082
0.001264367816091954     0.7704483676982368
0.0012873563218390805    0.7123344036216046
0.001310344827586207     0.41173139102332057
0.0013333333333333333    -0.060900926509103157
0.0013563218390804598    -0.5243155870467888
0.001379310344827586     -0.7483018713241372
0.0014022988505747126    -0.7045569028045385
0.0014252873563218391    -0.37277398239755993
0.0014482758620689654    0.10747247052027149
0.001471264367816092     0.5638819031264669
0.0014942528735632185    0.7471531273990982
0.0015172413793103448    0.7164059912130781
0.0015402298850574713    0.41146407525737794
0.0015632183908045978    -0.07766027519133155
0.001586206896551724     -0.543261380354883
0.0016091954022988506    -0.7548932264447207
0.001632183908045977     -0.6944825854381119
0.0016551724137931034    -0.37750966182908957
0.00167816091954023      0.09155791151897483
0.0017011494252873562    0.5521197607288783
0.0017241379310344827    0.750198336978113
0.0017471264367816092    0.7243387066438224
0.0017701149425287355    0.399781846687464
0.001793103448275862     -0.08874005169881255
0.0018160919540229886    -0.5488739514963953
0.0018390804597701149    -0.7456573151252784
0.0018620689655172414    -0.6925486555795308
0.001885057471264368     -0.3903459336073507
0.0019080459770114942    0.08532032380497923
0.0019310344827586207    0.5500048101152206
0.001954022988505747     0.7606742098606442
0.0019770114942528737    0.7225779757315757
0.002                    0.3901390087746603
0.0020229885057471263    -0.09130380234494875
0.002045977011494253     -0.5436795273515973
0.0020689655172413794    -0.7370806276206456
0.0020919540229885057    -0.6955827927421309
0.002114942528735632     -0.3949331727691096
0.0021379310344827587    0.08666177292206995
0.002160919540229885     0.5588935363061709
0.0021839080459770113    0.7669814727450986
0.002206896551724138     0.7148907001354659
0.0022298850574712643    0.38981178609144534
0.0022528735632183906    -0.0854540316513822
0.0022758620689655173    -0.536330375538946
0.0022988505747126436    -0.732141762560002
0.00232183908045977      -0.7031515440640043
0.0023448275862068967    -0.3948066751771255
0.002367816091954023     0.08989009611009922
0.0023908045977011493    0.5618493395079892
0.002413793103448276     0.7653895391902892
0.0024367816091954023    0.7099531482546314
0.0024597701149425286    0.3927907999527154
0.0024827586206896553    -0.08417016083932932
0.0025057471264367816    -0.5306982062004579
0.002528735632183908     -0.7364990971650205
0.0025517241379310347    -0.7042244602366476
0.002574712643678161     -0.3890796269081794
0.0025977011494252873    0.09146861649286557
0.002620689655172414     0.5634093728784179
0.0026436781609195403    0.7591003156047418
0.0026666666666666666    0.7117708726716647
0.002689655172413793     0.3978073499260847
0.0027126436781609196    -0.08289453580631916
0.002735632183908046     -0.5340575398670653
0.002758620689655172     -0.744287730939475
0.002781609195402299     -0.7027310854336632
0.0028045977011494252    -0.38885048161744223
0.0028275862068965515    0.0909119226887268
0.0028505747126436783    0.561931787672518
0.0028735632183908046    0.7546427660809595
0.002896551724137931     0.715381605888555
0.0029195402298850576    0.3959656613143718
0.002942528735632184     -0.08424468021087388
0.00296551724137931      -0.5346038614604703
0.002988505747126437     -0.7435334120927493
0.003011494252873563     -0.6984625100205494
0.0030344827586206895    -0.38990095617371684
0.0030574712643678162    0.0919969803527201
0.0030804597701149425    0.5582501576936135
0.003103448275862069     0.7565346782960184
0.0031264367816091956    0.7170844354413963
0.003149425287356322     0.39449747486090336
0.003172413793103448     -0.08312746113871247
0.003195402298850575     -0.5412161886776164
0.003218390804597701     -0.7415685233505899
0.0032413793103448275    -0.698523431453932
0.003264367816091954     -0.39047657276601333
0.0032873563218390805    0.09183287621325045
0.003310344827586207     0.5572054313400918
0.003333333333333333     0.759432539854132
0.00335632183908046      0.7154493543684659
0.003379310344827586     0.39353665832298457
0.0034022988505747124    -0.08504505855076178
0.003425287356321839     -0.5418915992227226
0.0034482758620689655    -0.7400861120279895
