% Model:              
% Version:            COMSOL 5.2.1.229
% Date:               Aug 14 2017, 12:21
% Table:              Ave v Plane Mutiphysics - 
% Time (s)               aveop2(w) (m/s)
0                        -2.831720415604254E-14
1.1764705882352942E-4    8.601896850040916E-6
2.3529411764705883E-4    -1.3097842167453564E-4
3.5294117647058826E-4    0.0013879179309354858
4.7058823529411766E-4    0.0022099493312457996
5.882352941176471E-4     -0.022161079034138012
7.058823529411765E-4     -0.052325779310678736
8.235294117647059E-4     -0.05673930020808323
9.411764705882353E-4     -0.028157133591583863
0.0010588235294117648    0.03636252906379885
0.0011764705882352942    0.09239791313605186
0.0012941176470588236    0.10520359632558174
0.001411764705882353     0.07368562869362323
0.0015294117647058824    0.01616996558856807
0.0016470588235294118    -0.04702992199546462
0.0017647058823529412    -0.09163759487199245
0.0018823529411764706    -0.1013038284989245
0.002                    -0.0728825084608342
0.0021176470588235297    -0.01667050422786863
0.002235294117647059     0.04617707003199668
0.0023529411764705885    0.09164402806679539
0.0024705882352941176    0.10163851244200449
0.0025882352941176473    0.07301001807863083
0.0027058823529411765    0.016575898926673632
0.002823529411764706     -0.04635982784536951
0.0029411764705882353    -0.09159719314406106
0.003058823529411765     -0.1016083841186779
0.003176470588235294     -0.07304978609234487
0.0032941176470588237    -0.016469212785080924
0.003411764705882353     0.0463658029342035
0.0035294117647058825    0.09155240094473692
0.0036470588235294117    0.10162478347107276
0.0037647058823529413    0.07305438596539168
0.003882352941176471     0.016519397006010194
0.004                    -0.04630179029460935
0.00411764705882353      -0.09158452331342502
0.004235294117647059     -0.10170536820121136
0.004352941176470588     -0.07304395570649587
0.004470588235294118     -0.016597615536910814
0.004588235294117647     0.04633617847321812
0.004705882352941177     0.09160270113883213
0.004823529411764706     0.10164895197046325
0.004941176470588235     0.07303430398657101
0.005058823529411765     0.016629110480303907
0.0051764705882352945    -0.04636777019705205
0.005294117647058823     -0.09157496259210744
0.005411764705882353     -0.10161911296457912
0.0055294117647058825    -0.07314376174374022
0.005647058823529412     -0.016626402691841173
0.005764705882352942     0.046380136377973856
0.0058823529411764705    0.09157593399871118
0.006                    0.10165915044401247
0.00611764705882353      0.07313070782798359
0.006235294117647059     0.01660460288844931
0.006352941176470588     -0.04626478007369937
0.006470588235294118     -0.09176659802208542
0.006588235294117647     -0.101603232556716
0.006705882352941177     -0.0731144449782272
0.006823529411764706     -0.016591006665709368
0.006941176470588235     0.04632903093788288
0.007058823529411765     0.0916123605130237
0.007176470588235295     0.10173845687126876
0.007294117647058823     0.07311518646485138
0.007411764705882353     0.01659764276631039
0.0075294117647058826    -0.04630041127896414
0.007647058823529412     -0.09156275459645019
0.007764705882352942     -0.10169018990404853
0.00788235294117647      -0.07307229296282976
0.008                    -0.016652262228481603
0.00811764705882353      0.0462717187115651
0.00823529411764706      0.09156702580303912
0.008352941176470589     0.10160070231714434
0.008470588235294119     0.07314751457042581
0.008588235294117647     0.016705349109704306
0.008705882352941176     -0.0462486726457206
0.008823529411764706     -0.0915140401704668
0.008941176470588235     -0.1017225529322717
0.009058823529411765     -0.07317428396729724
0.009176470588235295     -0.0166685663329217
0.009294117647058824     0.04630725025243632
0.009411764705882354     0.09147758235443429
0.009529411764705883     0.10147432119939308
0.009647058823529411     0.07317136979543143
0.009764705882352941     0.016785896964037577
0.00988235294117647      -0.04626581187960539
0.01                     -0.0915854231043146
0.01011764705882353      -0.10166269489026288
0.01023529411764706      -0.07312270449507381
0.010352941176470589     -0.016654717353504676
0.010470588235294119     0.04624808690759372
0.010588235294117647     0.09160756324666305
0.010705882352941176     0.10166010742340385
0.010823529411764706     0.07318219312193125
0.010941176470588235     0.016666707684232982
0.011058823529411765     -0.04623463181638206
0.011176470588235295     -0.0915438502278766
0.011294117647058824     -0.10156565103571828
0.011411764705882354     -0.07321680415988517
0.011529411764705884     -0.01666090585773582
0.011647058823529411     0.04639714619315914
0.011764705882352941     0.09147394800878941
0.01188235294117647      0.10163040900387885
0.012                    0.07320261809461008
0.01211764705882353      0.01661074255618527
0.01223529411764706      -0.04631690307016398
0.012352941176470589     -0.09163014034427898
0.012470588235294119     -0.10162610774716932
0.012588235294117647     -0.07314371625761225
0.012705882352941176     -0.01660491545340475
0.012823529411764706     0.046316511366253046
0.012941176470588235     0.09164241111932467
0.013058823529411765     0.10164683355173569
0.013176470588235295     0.07317380594315827
0.013294117647058824     0.01662275797083955
0.013411764705882354     -0.046299183463568774
0.013529411764705884     -0.09151115050630992
0.013647058823529411     -0.10164646544165527
0.013764705882352941     -0.07313400515977778
0.01388235294117647      -0.016620216813416838
0.014                    0.04632531398371188
0.01411764705882353      0.09155041510664244
0.01423529411764706      0.1016209321368536
0.01435294117647059      0.07308527685992923
0.014470588235294119     0.016555731442011428
0.014588235294117647     -0.04629104817498795
0.014705882352941176     -0.09159206676990864
0.014823529411764706     -0.10168085397078408
0.014941176470588236     -0.07321726395882802
0.015058823529411765     -0.016569476529514925
0.015176470588235295     0.04630654730387112
0.015294117647058824     0.09161857132571243
0.015411764705882354     0.10162367771194808
0.015529411764705884     0.07318023246678665
0.015647058823529413     0.016701652954902717
0.01576470588235294      -0.04631552904841437
0.015882352941176472     -0.0915339163907193
0.016                    -0.10169261570996052
0.016117647058823528     -0.07319124253368349
0.01623529411764706      -0.01665468940176814
0.016352941176470587     0.04620943753259982
0.01647058823529412      0.0915331545111246
0.016588235294117647     0.1015152953530771
0.016705882352941178     0.07317526081352595
0.016823529411764706     0.016786558966205668
0.016941176470588237     -0.04622464344229684
0.017058823529411765     -0.09151987753010331
0.017176470588235293     -0.1017213333843641
0.017294117647058824     -0.07321390329974464
0.017411764705882352     -0.016585123803257065
0.017529411764705884     0.04636963101349379
0.01764705882352941      0.0915624662901085
