% Model:              
% Version:            COMSOL 5.2.1.229
% Date:               Aug 14 2017, 12:17
% Table:              Pressure Mic 2 - 
% Time (s)               Pressure (Pa), Point: 14
0                        1.226423694368445E-7
1.666666666666667E-4     0.4334538367316884
3.333333333333334E-4     2.9875047514780793
5.0E-4                   19.8416548354206
6.666666666666668E-4     30.991945419805145
8.333333333333335E-4     29.345137756319506
0.001                    22.409618059889045
0.0011666666666666668    11.464745143535072
0.0013333333333333335    8.019539034548485
0.0015000000000000002    0.684657871779665
0.001666666666666667     -9.492259396948112
0.0018333333333333335    -15.275294645602175
0.002                    -14.880634283093782
0.002166666666666667     -8.986472111796159
0.0023333333333333335    0.22133333768025343
0.0025000000000000005    9.517082577612232
0.002666666666666667     15.15897847596505
0.0028333333333333335    14.903338191408395
0.0030000000000000005    9.091140465536009
0.003166666666666667     -0.2786740144633805
0.003333333333333334     -9.554483277545284
0.0035000000000000005    -15.107852385170553
0.003666666666666667     -14.896504980084652
0.003833333333333334     -9.05001256819664
0.004                    0.2994237879015369
0.0041666666666666675    9.51697616080211
0.004333333333333334     15.089713031641377
0.0045000000000000005    14.88374180021709
0.004666666666666667     9.048328713350212
0.004833333333333334     -0.25955334282469117
0.005000000000000001     -9.510989732997684
0.0051666666666666675    -15.075896023348704
0.005333333333333334     -14.870808758626387
0.0055000000000000005    -9.022598196990137
0.005666666666666667     0.29627764487466085
0.0058333333333333345    9.504243766451124
0.006000000000000001     15.067724276393923
0.0061666666666666675    14.87465476712413
0.006333333333333334     9.02772785302517
0.006500000000000001     -0.2599828568298203
0.006666666666666668     -9.502330117150938
0.0068333333333333345    -15.070218420421906
0.007000000000000001     -14.869126459101043
0.0071666666666666675    -9.019455300532442
0.007333333333333334     0.29437746294552664
0.007500000000000001     9.50701883594305
0.007666666666666668     15.07212275675172
0.007833333333333335     14.879181991851711
0.008                    9.028877632162896
0.008166666666666668     -0.2745480210837783
0.008333333333333335     -9.499463749201288
0.0085                   -15.074061370390385
0.008666666666666668     -14.882318889170689
0.008833333333333334     -9.0288536897919
0.009000000000000001     0.2988350456686056
0.009166666666666668     9.51200478850421
0.009333333333333334     15.09153834815897
0.009500000000000001     14.867370481658295
0.009666666666666667     9.011758262588936
0.009833333333333335     -0.2971982072147341
0.010000000000000002     -9.49511405973018
0.010166666666666668     -15.061855366677198
0.010333333333333335     -14.874173663965074
0.0105                   -9.018769890310283
0.010666666666666668     0.29994619896419816
0.010833333333333335     9.51354207203368
0.011000000000000001     15.114122985410269
0.011166666666666668     14.911646772248027
0.011333333333333334     9.055242314544019
0.011500000000000002     -0.29137270365831397
0.011666666666666669     -9.531117968690607
0.011833333333333335     -15.094417182495173
0.012000000000000002     -14.888883843430614
0.012166666666666668     -9.042841162198068
0.012333333333333335     0.27608798996810746
0.012500000000000002     9.507493765743725
0.012666666666666668     15.084430557040493
0.012833333333333335     14.880998288833121
0.013000000000000001     9.050329048200881
0.013166666666666669     -0.29757980115533034
0.013333333333333336     -9.519889293561873
0.013500000000000002     -15.07139648862675
0.013666666666666669     -14.873569561193404
0.013833333333333335     -9.0509331693378
0.014000000000000002     0.28464982256887816
0.014166666666666668     9.482881251374312
0.014333333333333335     15.096695210911314
0.014500000000000002     14.880996930835881
0.014666666666666668     9.03742227908104
0.014833333333333336     -0.31838745709130356
0.015000000000000001     -9.567523200202912
0.015166666666666669     -15.104728807400608
0.015333333333333336     -14.914460485169405
0.015500000000000002     -9.054201567513719
0.01566666666666667      0.2644735089705752
0.015833333333333335     9.50628913730219
0.016                    15.078603303659344
0.01616666666666667      14.833068647506877
0.016333333333333335     9.007944143671537
0.0165                   -0.3290561993845626
0.01666666666666667      -9.51813511457483
0.016833333333333336     -15.077391426755792
0.017                    -14.88328087500522
0.01716666666666667      -9.055923526714151
0.017333333333333336     0.290509184654801
0.0175                   9.467572790406154
0.017666666666666667     15.10809617608028
0.017833333333333336     14.867926427748872
0.018000000000000002     9.06047725286519
0.018166666666666668     -0.33044705720518086
0.018333333333333337     -9.542161877203172
0.018500000000000003     -15.121908378886799
0.018666666666666668     -14.894630884854159
0.018833333333333337     -9.06020305715011
0.019000000000000003     0.2909520449319167
0.01916666666666667      9.493557356475906
0.019333333333333334     15.087314803180162
0.019500000000000003     14.86505862550751
0.01966666666666667      9.037419530812851
0.019833333333333335     -0.34075294211789514
0.020000000000000004     -9.563032124535283
0.02016666666666667      -15.117947958512143
0.020333333333333335     -14.891696297171116
0.020500000000000004     -9.064585870765857
0.02066666666666667      0.284828543611812
0.020833333333333336     9.494253432098573
0.021                    15.064244245262275
0.02116666666666667      14.85981914360678
0.021333333333333336     9.02266275684113
0.021500000000000002     -0.3129871654143531
0.02166666666666667      -9.566813805269627
0.021833333333333337     -15.112099877341505
0.022000000000000002     -14.867602714792797
0.022166666666666668     -9.060750939715758
0.022333333333333337     0.24214089017526852
0.022500000000000003     9.512471440494325
0.02266666666666667      15.042684347333122
0.022833333333333337     14.827990454704919
0.023000000000000003     9.001347226410031
0.02316666666666667      -0.35265027003339156
0.023333333333333338     -9.503025666459344
0.023500000000000004     -15.111208937426273
0.02366666666666667      -14.896807544052406
0.023833333333333335     -9.072011740486795
0.024000000000000004     0.2670444581910016
0.02416666666666667      9.461653110731374
0.024333333333333335     15.097070002023868
0.024500000000000004     14.860461102470838
0.02466666666666667      9.04301957404919
0.024833333333333336     -0.36143063292482674
0.025000000000000005     -9.572765436240305
