% Model:              
% Version:            COMSOL 5.2.1.229
% Date:               Aug 14 2017, 12:17
% Table:              Ave v Plane Mutiphysics - 
% Time (s)               aveop2(w) (m/s)
0                        -1.264855663954164E-12
1.666666666666667E-4     1.0758326517717586E-4
3.333333333333334E-4     -4.506771871276663E-4
5.0E-4                   0.0020095660446696117
6.666666666666668E-4     -0.034695149942878305
8.333333333333335E-4     -0.05467796706497651
0.001                    -0.032395737721270704
0.0011666666666666668    0.022376909776860212
0.0013333333333333335    0.06149418576974912
0.0015000000000000002    0.07313619615285233
0.001666666666666667     0.05999738364543633
0.0018333333333333335    0.024433881164219476
0.002                    -0.021662048263178284
0.002166666666666667     -0.05958532136362362
0.0023333333333333335    -0.0742883199931878
0.0025000000000000005    -0.060450409484443475
0.002666666666666667     -0.02385387822088573
0.0028333333333333335    0.021911813303530116
0.0030000000000000005    0.059252848399304066
0.003166666666666667     0.07395204993825888
0.003333333333333334     0.0606951503167724
0.0035000000000000005    0.023960295468843023
0.003666666666666667     -0.02197697392273273
0.003833333333333334     -0.05932230069381808
0.004                    -0.07399467887767829
0.0041666666666666675    -0.06064740792618237
0.004333333333333334     -0.023884453970567945
0.0045000000000000005    0.021848764987057675
0.004666666666666667     0.05930488003557365
0.004833333333333334     0.07399136760111172
0.005000000000000001     0.06060428722167543
0.0051666666666666675    0.023956659491570168
0.005333333333333334     -0.021898361991383654
0.0055000000000000005    -0.0592949747307734
0.005666666666666667     -0.07400300330497642
0.0058333333333333345    -0.06060633180483924
0.006000000000000001     -0.023919786194083765
0.0061666666666666675    0.02188745003778244
0.006333333333333334     0.0593002873339487
0.006500000000000001     0.07400474450636911
0.006666666666666668     0.06063585751712224
0.0068333333333333345    0.023959027237840297
0.007000000000000001     -0.021902569774656537
0.0071666666666666675    -0.059332668516936186
0.007333333333333334     -0.07402890647594715
0.007500000000000001     -0.06059741863792628
0.007666666666666668     -0.023936335611324848
0.007833333333333335     0.02192292194228702
0.008                    0.05929455228776885
0.008166666666666668     0.0740136286828349
0.008333333333333335     0.06057308961076393
0.0085                   0.023961999934496058
0.008666666666666668     -0.021943631492016776
0.008833333333333334     -0.05931074705336203
0.009000000000000001     -0.07402155261941687
0.009166666666666668     -0.060603951140054485
0.009333333333333334     -0.02391562225971688
0.009500000000000001     0.021920048099186813
0.009666666666666667     0.05931308804817442
0.009833333333333335     0.07400820737083945
0.010000000000000002     0.06063999403205087
0.010166666666666668     0.02392110456348912
0.010333333333333335     -0.021889815339308193
0.0105                   -0.05930697268839911
0.010666666666666668     -0.07407140001454394
0.010833333333333335     -0.060603348663162616
0.011000000000000001     -0.023915096150280986
0.011166666666666668     0.021863291814424802
0.011333333333333334     0.059287925738571626
0.011500000000000002     0.0739972180804528
0.011666666666666669     0.06065404790486365
0.011833333333333335     0.023965360003958745
0.012000000000000002     -0.021909056311377198
0.012166666666666668     -0.059275123736685746
0.012333333333333335     -0.07403169112676575
0.012500000000000002     -0.060656615849834
0.012666666666666668     -0.023901112768931698
0.012833333333333335     0.021916424047314323
0.013000000000000001     0.05922071064368226
0.013166666666666669     0.07396844511993028
0.013333333333333336     0.06064590250223349
0.013500000000000002     0.024025741017009997
0.013666666666666669     -0.02193738421463056
0.013833333333333335     -0.05928473576040589
0.014000000000000002     -0.07408920351803402
0.014166666666666668     -0.060597261124118014
0.014333333333333335     -0.02392492444166527
0.014500000000000002     0.02188879947254322
0.014666666666666668     0.05931404402113843
0.014833333333333336     0.07395274678591322
0.015000000000000001     0.06063647288898984
0.015166666666666669     0.023971317387012008
0.015333333333333336     -0.02195915837053148
0.015500000000000002     -0.05928948225227321
0.01566666666666667      -0.07404560495943424
0.015833333333333335     -0.060586412484152745
0.016                    -0.02397025800580363
0.01616666666666667      0.021987688982361413
0.016333333333333335     0.059215800329315116
0.0165                   0.07395864184343824
0.01666666666666667      0.060626183595111
0.016833333333333336     0.023938787322222446
0.017                    -0.021929897024983918
0.01716666666666667      -0.05922197661216753
0.017333333333333336     -0.07410230121361039
0.0175                   -0.060610750693810396
0.017666666666666667     -0.02388796144105247
0.017833333333333336     0.021880047315107263
0.018000000000000002     0.05927924271667316
0.018166666666666668     0.07393472605255598
0.018333333333333337     0.06068797928005203
0.018500000000000003     0.023964384611839133
0.018666666666666668     -0.02192170980645062
0.018833333333333337     -0.05923553884446311
0.019000000000000003     -0.07408134639889417
0.01916666666666667      -0.06066674673510931
0.019333333333333334     -0.023909815963097537
0.019500000000000003     0.021870725447109333
0.01966666666666667      0.05930784279668419
0.019833333333333335     0.07397521255464481
0.020000000000000004     0.06056284305729352
0.02016666666666667      0.023999182338955552
0.020333333333333335     -0.021916046423101344
0.020500000000000004     -0.05931550330009242
0.02066666666666667      -0.07401486635662735
0.020833333333333336     -0.0606371105049767
0.021                    -0.023882122028119856
0.02116666666666667      0.021919464916408532
0.021333333333333336     0.059160086923365045
0.021500000000000002     0.07403842075812792
0.02166666666666667      0.06058079554849882
0.021833333333333337     0.024103702760888118
0.022000000000000002     -0.02199670751577342
0.022166666666666668     -0.05925545699973298
0.022333333333333337     -0.0740374947376092
0.022500000000000003     -0.0605630321572168
0.02266666666666667      -0.02397728416763909
0.022833333333333337     0.022006984474509182
0.023000000000000003     0.0591768417955549
0.02316666666666667      0.07408226676404261
0.023333333333333338     0.060597803181502374
0.023500000000000004     0.023950073617522726
0.02366666666666667      -0.02189970036990816
0.023833333333333335     -0.0593059920874269
0.024000000000000004     -0.07403366448461202
0.02416666666666667      -0.06056084678715016
0.024333333333333335     -0.023965016579929985
0.024500000000000004     0.021943015255706903
0.02466666666666667      0.059271484116280075
0.024833333333333336     0.07395123129730762
0.025000000000000005     0.0606676198775725
