% Model:              
% Version:            COMSOL 5.2.1.229
% Date:               Aug 14 2017, 12:54
% Table:              Pressure reflected Inlet - p2-Pin
% Time (s)               Pin-p2 (Pa), Point: 16
0                        -2.6657966099508158E-5
4.2553191489361704E-5    18.63915735762451
8.510638297872341E-5     29.876212685639565
1.276595744680851E-4     30.236485255536984
1.7021276595744682E-4    18.546683519631834
2.1276595744680854E-4    -0.09369196288758257
2.553191489361702E-4     -18.375194831504473
2.978723404255319E-4     -30.319809757950907
3.4042553191489364E-4    -30.00260928026491
3.8297872340425535E-4    -18.49002824954796
4.2553191489361707E-4    -0.1851771492557105
4.6808510638297874E-4    18.571254448705343
5.106382978723404E-4     30.236974075378924
5.531914893617022E-4     29.944252174708975
5.957446808510638E-4     18.68961971453584
6.382978723404256E-4     0.037278570520735535
6.808510638297873E-4     -18.65835845481856
7.234042553191489E-4     -29.88311339905032
7.659574468085107E-4     -29.975121922678372
8.085106382978724E-4     -18.582014795023
8.510638297872341E-4     0.040290335120066655
8.936170212765958E-4     18.942574368635913
9.361702127659575E-4     30.194347681846885
9.787234042553192E-4     29.643498603252805
0.0010212765957446808    18.781867498250193
0.0010638297872340426    -0.15850403653651143
0.0011063829787234043    -18.32836263332286
0.0011489361702127661    -30.702764336493576
0.0011914893617021277    -28.893601943610157
0.0012340425531914894    -26.51860136069203
0.0012765957446808512    -14.338852178778394
0.0013191489361702128    7.579228598823864
0.0013617021276595745    27.54809945362191
0.0014042553191489363    33.261881786224805
0.0014468085106382979    22.720701844086307
0.0014893617021276596    -1.5200214858465533
0.0015319148936170214    -28.690914092777604
0.001574468085106383     -47.00986545997436
0.0016170212765957447    -48.90492161794761
0.0016595744680851065    -31.68983506662464
0.0017021276595744683    -1.8454348131951064
0.0017446808510638298    29.620879894692976
0.0017872340425531916    50.87558874600343
0.0018297872340425534    53.56846299787024
0.001872340425531915     36.48191491820609
0.0019148936170212767    5.693822132171172
0.0019574468085106385    -27.35219974436657
0.002                    -49.582413171158855
0.0020425531914893616    -53.71825036771831
0.0020851063829787236    -37.23664376914161
0.002127659574468085     -6.871822435147602
0.002170212765957447     25.894536007836166
0.0022127659574468087    48.833324742498725
0.0022553191489361702    52.894568891047356
0.0022978723404255322    37.216725514835126
0.002340425531914894     6.848384439014559
0.0023829787234042553    -25.894188162193736
0.0024255319148936173    -48.36511123511548
0.002468085106382979     -52.90730905015208
0.0025106382978723404    -36.8337232085648
0.0025531914893617024    -6.8262066847913685
0.002595744680851064     25.823461391571655
0.0026382978723404255    48.656434658071404
0.0026808510638297875    52.585076848457746
0.002723404255319149     36.92410896348429
0.0027659574468085106    6.716070718960623
0.0028085106382978726    -25.999284179944667
0.002851063829787234     -48.43483973168449
0.0028936170212765957    -52.85427571823253
0.0029361702127659577    -36.73006270857175
0.0029787234042553193    -6.686220282048847
0.003021276595744681     25.88753165553966
0.003063829787234043     48.538823597419466
0.0031063829787234044    52.65701272638505
0.003148936170212766     36.87313730373282
0.003191489361702128     6.739596850694859
0.0032340425531914895    -25.99519318684478
0.003276595744680851     -48.421866190974164
0.003319148936170213     -52.73921333471264
0.0033617021276595746    -36.81799116721854
0.0034042553191489366    -6.721893751543356
0.003446808510638298     25.873409613711985
0.0034893617021276597    48.551966077200646
0.0035319148936170217    52.683895785146014
0.0035744680851063832    36.845078069944286
0.003617021276595745     6.747848423452793
0.0036595744680851068    -25.956597875412704
0.0037021276595744683    -48.4450281933497
0.00374468085106383      -52.713856459784225
0.003787234042553192     -36.80806660524999
0.0038297872340425534    -6.751488054249171
0.003872340425531915     25.856419690705856
0.003914893617021277     48.45759109743538
0.0039574468085106385    52.73276160547121
0.004                    36.86608232361294
0.004042553191489362     6.759061854114834
0.004085106382978723     -25.917510596719655
0.004127659574468086     -48.42895466557707
0.004170212765957447     -52.711079203139946
0.004212765957446809     -36.81429429046797
0.00425531914893617      -6.78694629752255
0.004297872340425532     25.89716436335353
0.004340425531914894     48.491195901038964
0.004382978723404256     52.73340382060467
0.004425531914893617     36.85190038203933
0.004468085106382979     6.739952587050805
0.0045106382978723405    -25.898548212163114
0.004553191489361702     -48.430127788046015
0.0045957446808510645    -52.71322653021606
0.004638297872340426     -36.84991532131413
0.004680851063829788     -6.79796570598864
0.004723404255319149     25.886659436188786
0.004765957446808511     48.45287333726863
0.004808510638297872     52.747839797878015
0.004851063829787235     36.88937901837091
0.004893617021276596     6.775776400377087
0.004936170212765958     -25.883807095848905
0.004978723404255319     -48.451564864540025
0.005021276595744681     -52.708204679827936
0.0050638297872340424    -36.84754299407822
0.005106382978723405     -6.7323553882668685
0.005148936170212766     25.840194494299585
0.005191489361702128     48.38997502692355
0.0052340425531914895    52.740239646967254
0.005276595744680851     36.810414592418624
0.005319148936170213     6.7694419655665365
0.005361702127659575     -25.88612140792402
0.005404255319148937     -48.46640028048469
0.005446808510638298     -52.677655676265374
0.00548936170212766      -36.887689374530865
0.005531914893617021     -6.795770391055521
0.005574468085106384     25.853021622107484
0.005617021276595745     48.45167868999268
0.005659574468085107     52.78094617188457
0.005702127659574468     36.80545923266137
0.00574468085106383      6.766319429171442
0.0057872340425531915    -25.89327360568859
0.005829787234042554     -48.513837773817755
0.0058723404255319155    -52.69045693532321
0.005914893617021277     -36.882052357559004
0.005957446808510639     -6.737697385608445
0.006                    25.875246828099048
0.006042553191489362     48.435919582920306
0.006085106382978724     52.75568426175799
0.006127659574468086     36.83669414658859
0.006170212765957447     6.713108370819178
0.006212765957446809     -25.89071855247
0.00625531914893617      -48.51073602425821
0.006297872340425532     -52.69343105044111
0.006340425531914894     -36.862134375354636
0.006382978723404256     -6.719505152956928
