% Model:              
% Version:            COMSOL 5.2.1.229
% Date:               Aug 14 2017, 13:22
% Table:              Ave P Plane Acoustic - P plane ac (aveop3(p2))
% Time (s)               Average Pressure Plane Acoustic (Pa)
0                        1.1685032214655496E-20
2.5974025974025975E-5    -9.719431377362675E-13
5.194805194805195E-5     -4.345750399177068E-10
7.792207792207793E-5     3.069650449483427E-8
1.038961038961039E-4     -1.4242552623252081E-6
1.2987012987012987E-4    2.713969210902324E-5
1.5584415584415587E-4    2.4278637994376324E-4
1.8181818181818183E-4    -0.003940112101089804
2.077922077922078E-4     -0.03185862095067895
2.3376623376623377E-4    -0.06764193110625266
2.5974025974025974E-4    -0.0032224472077443736
2.8571428571428574E-4    0.03974202778802514
3.1168831168831173E-4    -0.3957611290281792
3.3766233766233767E-4    -0.5262692765865569
3.6363636363636367E-4    0.4990348603227333
3.896103896103896E-4     -0.6036129079743652
4.155844155844156E-4     0.8400300142938354
4.415584415584416E-4     -1.5387237772404347
4.6753246753246754E-4    6.409734380195536
4.935064935064935E-4     22.506378417751105
5.194805194805195E-4     31.15024692551402
5.454545454545455E-4     27.533663471328484
5.714285714285715E-4     14.211523765133085
5.974025974025975E-4     -5.684465410503116
6.233766233766235E-4     -23.63126989817422
6.493506493506494E-4     -30.833516276660376
6.753246753246753E-4     -28.29777555232663
7.012987012987013E-4     -12.994835691606173
7.272727272727273E-4     4.6418126703443
7.532467532467533E-4     25.46649957529924
7.792207792207792E-4     45.43909253255814
8.051948051948052E-4     45.667403665222544
8.311688311688312E-4     25.10874271757235
8.571428571428572E-4     -7.297357240311372
8.831168831168832E-4     -37.619069742821004
9.090909090909091E-4     -52.8116754288101
9.350649350649351E-4     -44.175727560776714
9.610389610389611E-4     -17.14622035783481
9.87012987012987E-4      19.1585926450387
0.001012987012987013     51.06543221833928
0.001038961038961039     66.1609494690212
0.001064935064935065     58.591362404921405
0.001090909090909091     29.500597316374165
0.0011168831168831168    -9.756755668633128
0.001142857142857143     -43.995702384689196
0.0011688311688311688    -61.29772761863386
0.001194805194805195     -56.32573237522588
0.0012207792207792208    -29.541341373347567
0.001246753246753247     7.49631165723926
0.0012727272727272728    41.527459886458395
0.0012987012987012987    58.544919492059606
0.0013246753246753248    51.94983757865448
0.0013506493506493507    25.74983589817883
0.0013766233766233768    -10.574345876721354
0.0014025974025974027    -43.8272079400074
0.0014285714285714286    -60.75397931938842
0.0014545454545454547    -53.91772164250146
0.0014805194805194806    -26.44733859314407
0.0015064935064935067    11.10894017146448
0.0015324675324675326    43.90822665924535
0.0015584415584415584    60.94395594884671
0.0015844155844155845    54.90243701251318
0.0016103896103896104    27.77724602829832
0.0016363636363636365    -9.945161187254888
0.0016623376623376624    -43.53094382633924
0.0016883116883116883    -59.915109181549326
0.0017142857142857144    -53.90516625572628
0.0017402597402597403    -27.39322043849727
0.0017662337662337664    9.729256352766111
0.0017922077922077923    43.55727186192319
0.0018181818181818182    60.20502797316806
0.0018441558441558443    53.84174976319947
0.0018701298701298702    26.87532160601767
0.0018961038961038963    -10.059572514518095
0.0019220779220779222    -43.42384101858663
0.001948051948051948     -60.5137936268766
0.001974025974025974     -54.24412338747362
0.002                    -27.279476950215972
0.002025974025974026     10.29943442494642
0.0020519480519480522    43.350517928687196
0.002077922077922078     60.13741199414681
0.002103896103896104     54.19588747611774
0.00212987012987013      27.504973396888992
0.002155844155844156     -9.959567170055466
0.002181818181818182     -43.579565214764166
0.002207792207792208     -60.2315967696914
0.0022337662337662337    -53.97447148254815
0.0022597402597402598    -27.318803041752293
0.002285714285714286     9.689175160381211
0.002311688311688312     43.563332046832336
0.0023376623376623377    60.419510415099836
0.0023636363636363638    54.12351951378381
0.00238961038961039      27.273426704017286
0.0024155844155844155    -9.951101854234187
0.0024415584415584416    -43.207927370030426
0.0024675324675324677    -60.251240040928366
0.002493506493506494     -54.302306514271194
0.0025194805194805195    -27.50195289070327
0.0025454545454545456    9.99842601550259
0.0025714285714285717    43.36788629219164
0.0025974025974025974    60.101974044289356
0.0026233766233766235    54.08204940526061
0.0026493506493506496    27.639699597966146
0.0026753246753246753    -9.69333290531974
0.0027012987012987014    -43.502120278294505
0.0027272727272727275    -60.270305747114406
0.0027532467532467536    -54.193769155004404
0.0027792207792207793    -27.37956885577478
0.0028051948051948054    9.575680975921438
0.0028311688311688315    43.25719794313599
0.002857142857142857     60.47422438647015
0.0028831168831168832    54.26017821920601
0.0029090909090909093    27.47960424803721
0.002935064935064935     -9.777347385600546
0.002961038961038961     -43.16369183748729
0.0029870129870129872    -60.05239324385214
0.0030129870129870133    -54.292838008280555
0.003038961038961039     -27.780005294888838
0.003064935064935065     9.752896052255544
0.003090909090909091     43.2239152365395
0.003116883116883117     60.16375013515313
0.003142857142857143     54.10137386731416
0.003168831168831169     27.78388654497763
0.0031948051948051948    -9.403405613013494
0.003220779220779221     -43.16129643023447
0.003246753246753247     -60.35212013025917
0.003272727272727273     -54.20061339681731
0.0032987012987012987    -27.63618603200814
0.003324675324675325     9.46451520507819
0.003350649350649351     43.041135530647786
0.0033766233766233766    60.260993543754196
0.0034025974025974027    54.45313910796388
0.003428571428571429     27.738479480793327
0.003454545454545455     -9.47147467244067
0.0034805194805194806    -43.06825348586803
0.0035064935064935067    -59.924923414178075
0.003532467532467533     -54.36172545333845
0.0035584415584415585    -27.886522075797053
0.0035844155844155846    9.377069626772899
0.0036103896103896107    43.12147406127024
0.0036363636363636364    60.122115209899015
0.0036623376623376625    54.22251228104963
0.0036883116883116886    27.867624914157247
0.0037142857142857147    -9.210495243643896
0.0037402597402597403    -42.89609625469314
0.0037662337662337664    -60.25808766177003
0.0037922077922077926    -54.32036557249841
0.0038181818181818182    -27.832706075652727
0.0038441558441558443    9.39493918928029
0.0038701298701298704    42.91911894371963
0.003896103896103896     60.252448599924854
