% Model:              
% Version:            COMSOL 5.2.1.229
% Date:               Aug 11 2017, 18:17
% Table:              Aceleration Mic 1 - actd.ay
% Time (s)               Local acceleration, z component (m/s^2), Point: 15
0                        -4.706072904679613E-11
2.6881720430107527E-5    -0.013806367885209683
5.3763440860215054E-5    1.3020161040795812
8.064516129032258E-5     -33.9571823147173
1.0752688172043011E-4    -361.75764058844504
1.3440860215053763E-4    -1662.2565466163512
1.6129032258064516E-4    -3898.8117108254787
1.881720430107527E-4     851.9264022537145
2.1505376344086021E-4    2263.2064319216893
2.4193548387096774E-4    -659.0911007130649
2.6881720430107527E-4    -22598.66976433806
2.956989247311828E-4     -20957.66235235043
3.225806451612903E-4     -10010.401005825239
3.4946236559139785E-4    5921.785750540592
3.763440860215054E-4     16314.863492430319
4.032258064516129E-4     26369.031436294485
4.3010752688172043E-4    26427.620097203016
4.5698924731182796E-4    20719.608234478495
4.838709677419355E-4     9165.844036816943
5.10752688172043E-4      -5072.652909548035
5.376344086021505E-4     -17040.528810851683
5.645161290322581E-4     -25230.12231034306
5.913978494623656E-4     -26901.652149396105
6.182795698924731E-4     -19600.649213723817
6.451612903225806E-4     -8578.799645652618
6.720430107526882E-4     5013.258012993378
6.989247311827957E-4     18195.650767135332
7.258064516129032E-4     23287.62707772197
7.526881720430108E-4     27077.82974271978
7.795698924731183E-4     21430.989838841382
8.064516129032258E-4     7500.098916705554
8.333333333333333E-4     -3516.650069909824
8.602150537634409E-4     -18882.352316796823
8.870967741935484E-4     -22232.008990645918
9.139784946236559E-4     -30983.093525060285
9.408602150537634E-4     -16498.217472051627
9.67741935483871E-4      9907.837573475197
9.946236559139785E-4     12321.731085792582
0.001021505376344086     14937.420604066469
0.0010483870967741935    14691.988762995923
0.001075268817204301     12699.490730491074
0.0011021505376344087    8670.210940464221
0.0011290322580645162    4789.058024659715
0.0011559139784946236    -5607.1566799411175
0.0011827956989247312    -12319.39165042738
0.0012096774193548388    -17995.52460396988
0.0012365591397849461    -19619.105418827145
0.0012634408602150537    -9992.204169789344
0.0012903225806451613    -1074.4881080431376
0.0013172043010752689    6995.135626742696
0.0013440860215053765    13709.745759537434
0.0013709677419354838    15642.863327709
0.0013978494623655914    14087.059466054037
0.001424731182795699     9744.885253498212
0.0014516129032258063    3121.1868976780615
0.001478494623655914     -5132.474750263535
0.0015053763440860215    -14350.190122014956
0.001532258064516129     -16555.24927505049
0.0015591397849462367    -17068.020174269124
0.001586021505376344     -10334.117072894209
0.0016129032258064516    -1181.6525251943021
0.0016397849462365592    5673.901379932156
0.0016666666666666666    14029.689682975775
0.0016935483870967741    15720.060901692901
0.0017204301075268817    15611.47852023135
0.0017473118279569893    9974.44235479628
0.0017741935483870969    2604.3163379743437
0.0018010752688172042    -5476.90670641311
0.0018279569892473118    -13934.26713052957
0.0018548387096774194    -16763.135428575617
0.0018817204301075268    -17149.632889443106
0.0019086021505376344    -9180.490948361665
0.001935483870967742     -1316.7039982017757
0.0019623655913978493    5243.758268659069
0.001989247311827957     13841.052983722519
0.0020161290322580645    16085.046181594724
0.002043010752688172     16880.89372702532
0.0020698924731182796    8602.371947997755
0.002096774193548387     2173.011195106334
0.002123655913978495     -5158.991388525434
0.002150537634408602     -13755.9060087332
0.0021774193548387095    -17127.020015824357
0.0022043010752688173    -15948.801260166232
0.0022311827956989247    -9536.167822072282
0.0022580645161290325    -1755.215945409109
0.00228494623655914      5180.61147896266
0.002311827956989247     13916.363640970521
0.002338709677419355     16681.615818803846
0.0023655913978494624    16070.391146913315
0.0023924731182795697    10244.634686065463
0.0024193548387096775    1752.985107517106
0.002446236559139785     -4616.760226288774
0.0024731182795698923    -14400.549147267651
0.0025                   -17490.601708050806
0.0025268817204301074    -16696.459653608243
0.002553763440860215     -8682.721587906426
0.0025806451612903226    -1691.1846005981474
0.00260752688172043      5047.432787482897
0.0026344086021505377    13696.259303540624
0.002661290322580645     17222.704952703833
0.002688172043010753     16199.9711835208
0.0027150537634408603    10069.367832789532
0.0027419354838709676    1517.8174404781944
0.0027688172043010754    -4310.272323560348
0.002795698924731183     -14709.656876088404
0.00282258064516129      -17113.3803814716
0.002849462365591398     -16983.061068624036
0.0028763440860215053    -8816.223107906284
0.0029032258064516127    -1983.7663936746071
0.0029301075268817205    5241.2893522549675
0.002956989247311828     13644.793568980069
0.0029838709677419356    17344.600078194646
0.003010752688172043     16485.852814483358
0.0030376344086021504    9613.021594973276
0.003064516129032258     2012.794314659976
0.0030913978494623655    -4723.635057205133
0.0031182795698924733    -14287.187653946974
0.0031451612903225807    -17723.458438283476
0.003172043010752688     -16430.58798641734
0.003198924731182796     -9015.317055965384
0.0032258064516129032    -1748.1908392754654
0.0032526881720430106    4768.769464121984
0.0032795698924731184    13797.832948308358
0.0033064516129032257    17415.481455943394
0.003333333333333333     16336.12291730021
0.003360215053763441     9687.591829305276
0.0033870967741935483    1921.035308782902
0.003413978494623656     -4612.726817814
0.0034408602150537634    -14200.954005908763
0.003467741935483871     -17933.57574829822
0.0034946236559139786    -16489.750483742828
0.003521505376344086     -9118.775466342624
0.0035483870967741938    -1540.7680392359412
0.003575268817204301     4511.028856683382
0.0036021505376344085    14097.104181312046
0.0036290322580645163    17259.094577396998
0.0036559139784946237    16356.099381423366
0.003682795698924731     9541.018347279234
0.003709677419354839     1962.8414200647394
0.003736559139784946     -4322.158730723716
0.0037634408602150535    -14435.371028777627
0.0037903225806451613    -17660.81353981611
0.0038172043010752687    -16603.375853556412
0.0038440860215053765    -8952.821794947775
0.003870967741935484     -2060.603283506652
0.0038978494623655912    4850.699781713932
0.003924731182795699     13812.965975607789
0.003951612903225807     17512.356576771715
0.003978494623655914     16505.201859279478
0.0040053763440860216    9524.709116300579
0.004032258064516129     2122.3823149365344
0.004059139784946236     -4382.740448345452
0.004086021505376344     -14331.249621746276
0.004112903225806452     -18013.356584648092
0.004139784946236559     -16579.622739595183
0.004166666666666667     -8875.984730890132
0.004193548387096774     -1998.378380087317
0.004220430107526881     4688.605291740274
0.00424731182795699      13815.461322757827
0.004274193548387097     17483.506353873716
0.004301075268817204     16226.26282669319
