% Model:              
% Version:            COMSOL 5.2.1.229
% Date:               Aug 11 2017, 18:17
% Table:              Pressure Mic 2 - 
% Time (s)               Pressure (Pa), Point: 14
0                        4.168057777724962E-14
2.6881720430107527E-5    -5.991741994962649E-7
5.3763440860215054E-5    1.6412737440905118E-4
8.064516129032258E-5     -0.003554612921843036
1.0752688172043011E-4    -0.05397380384357305
1.3440860215053763E-4    0.11654001447011086
1.6129032258064516E-4    1.8117623682404302
1.881720430107527E-4     4.568804747600848
2.1505376344086021E-4    -1.624418785488886
2.4193548387096774E-4    -9.713008089805419
2.6881720430107527E-4    15.554056220859495
2.956989247311828E-4     -20.828905094407745
3.225806451612903E-4     63.970150649150746
3.4946236559139785E-4    323.56471009400224
3.763440860215054E-4     505.18292732020234
4.032258064516129E-4     563.1228950064856
4.3010752688172043E-4    462.45538017684527
4.5698924731182796E-4    240.7739425197994
4.838709677419355E-4     -45.28612372403166
5.10752688172043E-4      -322.30662048677004
5.376344086021505E-4     -508.5756848370057
5.645161290322581E-4     -557.4850017810645
5.913978494623656E-4     -459.3622930849496
6.182795698924731E-4     -238.38436619686442
6.451612903225806E-4     44.59812476234868
6.720430107526882E-4     315.981781572162
6.989247311827957E-4     516.9580605592565
7.258064516129032E-4     562.2962290756924
7.526881720430108E-4     456.90538636727075
7.795698924731183E-4     243.78641257100554
8.064516129032258E-4     -48.19676997778708
8.333333333333333E-4     -313.05182425808084
8.602150537634409E-4     -514.5441195360214
8.870967741935484E-4     -557.9926288299315
9.139784946236559E-4     -295.83372851659277
9.408602150537634E-4     45.48278918956295
9.67741935483871E-4      336.2757945650102
9.946236559139785E-4     517.9456244933519
0.001021505376344086     570.2708809314323
0.0010483870967741935    484.33601133755656
0.001075268817204301     311.2252573445891
0.0011021505376344087    65.79786188214028
0.0011290322580645162    -197.41983392203736
0.0011559139784946236    -400.5829297896049
0.0011827956989247312    -504.55272945561876
0.0012096774193548388    -446.9220691251101
0.0012365591397849461    -244.06557358075864
0.0012634408602150537    15.048781538423427
0.0012903225806451613    281.55750062233545
0.0013172043010752689    475.20850491370265
0.0013440860215053765    532.0913969954122
0.0013709677419354838    454.48290630645084
0.0013978494623655914    274.7917972012339
0.001424731182795699     36.542371554378484
0.0014516129032258063    -232.57924323429972
0.001478494623655914     -426.65421457767644
0.0015053763440860215    -516.8391234048115
0.001532258064516129     -451.8348142486517
0.0015591397849462367    -258.55809743943706
0.001586021505376344     -3.041122878224115
0.0016129032258064516    259.52236932217977
0.0016397849462365592    452.5866595773861
0.0016666666666666666    523.7204006333105
0.0016935483870967741    457.1811793277545
0.0017204301075268817    271.66722320318763
0.0017473118279569893    25.02895545502798
0.0017741935483870969    -238.87236055327017
0.0018010752688172042    -437.5408591673782
0.0018279569892473118    -523.5244029234702
0.0018548387096774194    -453.31275739827134
0.0018817204301075268    -256.9991992722352
0.0019086021505376344    -12.602698743170894
0.001935483870967742     251.5715729528625
0.0019623655913978493    447.8278610365188
0.001989247311827957     525.1311367828987
0.0020161290322580645    451.7425523251847
0.002043010752688172     259.4025377705844
0.0020698924731182796    19.476938864537566
0.002096774193548387     -240.85580084562426
0.002123655913978495     -445.0701174700338
0.002150537634408602     -520.2646432906448
0.0021774193548387095    -450.0116244333808
0.0022043010752688173    -253.8992031061578
0.0022311827956989247    -11.887704913672367
0.0022580645161290325    249.69588396140813
0.00228494623655914      445.96463248369236
0.002311827956989247     522.2193722017003
0.002338709677419355     455.18228302129165
0.0023655913978494624    262.1893449060719
0.0023924731182795697    23.367573949386607
0.0024193548387096775    -241.39374354390299
0.002446236559139785     -443.66844611643666
0.0024731182795698923    -526.9455634560454
0.0025                   -452.6866734698148
0.0025268817204301074    -258.3892479854503
0.002553763440860215     -14.133630268960468
0.0025806451612903226    245.6226593509948
0.00260752688172043      446.80142456924256
0.0026344086021505377    521.6524917910368
0.002661290322580645     454.6258188113109
0.002688172043010753     261.18730023090114
0.0027150537634408603    24.506170764084548
0.0027419354838709676    -241.89195241027906
0.0027688172043010754    -443.98478022064796
0.002795698924731183     -526.6080367631259
0.00282258064516129      -452.807496218524
0.002849462365591398     -257.64346388182116
0.0028763440860215053    -13.373317409949935
0.0029032258064516127    243.44572946230358
0.0029301075268817205    446.6964886624924
0.002956989247311828     523.0096240378401
0.0029838709677419356    454.0807080618848
0.003010752688172043     260.31312991525385
0.0030376344086021504    22.213584722206967
0.003064516129032258     -240.6363599987228
0.0030913978494623655    -445.8850421490899
0.0031182795698924733    -525.1898182543324
0.0031451612903225807    -454.1217685421721
0.003172043010752688     -255.76192935835812
0.003198924731182796     -15.457123702508195
0.0032258064516129032    244.82694355864396
0.0032526881720430106    446.91658521248365
0.0032795698924731184    523.6475925469929
0.0033064516129032257    454.51046607488377
0.003333333333333333     259.9325096035154
0.003360215053763441     21.586437739170105
0.0033870967741935483    -239.38985561892875
0.003413978494623656     -445.9494941882643
0.0034408602150537634    -525.538205372082
0.003467741935483871     -453.23752189745215
0.0034946236559139786    -253.50460197921078
0.003521505376344086     -15.933388022297363
0.0035483870967741938    244.86247635210677
0.003575268817204301     446.70093935760167
0.0036021505376344085    524.0111572180386
0.0036290322580645163    453.728111223847
0.0036559139784946237    259.6331499517318
0.003682795698924731     21.320279445332034
0.003709677419354839     -239.7647033671839
0.003736559139784946     -446.24754469125594
0.0037634408602150535    -525.8228559816534
0.0037903225806451613    -453.9294518459554
0.0038172043010752687    -256.5990669342173
0.0038440860215053765    -14.352622540218224
0.003870967741935484     243.1883815107831
0.0038978494623655912    446.8772862985206
0.003924731182795699     524.7369324769406
0.003951612903225807     455.92995014143327
0.003978494623655914     260.348320146711
0.0040053763440860216    23.32760813118381
0.004032258064516129     -238.06290717014184
0.004059139784946236     -446.95520732987075
0.004086021505376344     -525.8839066999273
0.004112903225806452     -452.31010770482527
0.004139784946236559     -253.65858586319032
0.004166666666666667     -13.819098874930162
0.004193548387096774     243.3272292222595
0.004220430107526881     448.1336714111069
0.00424731182795699      523.292822509696
0.004274193548387097     454.00573881634426
0.004301075268817204     258.4331580051336
