% Model:              
% Version:            COMSOL 5.2.1.229
% Date:               Aug 11 2017, 23:33
% Table:              Ave P Plane Multiphysics - 
% Time (s)               aveop2(p) (Pa)
0                        2.734240200011305E-22
3.2258064516129034E-5    -8.735362918879296E-11
6.451612903225807E-5     -4.610569049491457E-8
9.677419354838711E-5     2.3002390747610863E-6
1.2903225806451613E-4    -1.0072552453991648E-4
1.6129032258064516E-4    0.0018855257536449603
1.9354838709677422E-4    0.011379835060720524
2.2580645161290324E-4    -0.1728365050771961
2.5806451612903227E-4    -1.200215558415285
2.903225806451613E-4     -2.7824267417039388
3.225806451612903E-4     -3.6996414131874635
3.548387096774194E-4     -6.120589507624418
3.8709677419354843E-4    -4.476322885649056
4.1935483870967743E-4    11.582479300738703
4.516129032258065E-4     -2.2218625521593585
4.838709677419355E-4     22.496600447529428
5.161290322580645E-4     -16.625032154527474
5.483870967741936E-4     167.13112213760448
5.806451612903226E-4     442.91859938534685
6.129032258064516E-4     576.2174222912817
6.451612903225806E-4     444.68700471573567
6.774193548387097E-4     200.14351843696681
7.096774193548388E-4     63.22216646824835
7.419354838709678E-4     -153.93646348942318
7.741935483870969E-4     -340.7088691970003
8.064516129032258E-4     -391.94470038997304
8.387096774193549E-4     -273.1854726935829
8.709677419354839E-4     1.6104950512098675
9.03225806451613E-4      283.6564977909232
9.35483870967742E-4      470.16896370107577
9.67741935483871E-4      461.6557807855502
0.001                    313.30825433921444
0.001032258064516129     73.03165450128374
0.0010645161290322581    -201.87600732160047
0.0010967741935483872    -388.05459550399655
0.0011290322580645162    -436.18295939478077
0.0011612903225806453    -303.070286290302
0.0011935483870967743    -32.033026739229356
0.0012258064516129032    249.91991443282876
0.0012580645161290322    436.3850448967257
0.0012903225806451613    452.5703982184389
0.0013225806451612903    308.2589436262956
0.0013548387096774194    55.51397915416833
0.0013870967741935485    -223.41425618490896
0.0014193548387096775    -409.34385001449976
0.0014516129032258066    -442.0634675833393
0.0014838709677419356    -302.13355156020884
0.0015161290322580647    -43.69545020041293
0.0015483870967741937    244.52026278446542
0.0015806451612903226    427.661113950019
0.0016129032258064516    444.9819544769267
0.0016451612903225807    306.1509535819513
0.0016774193548387097    54.92844423328071
0.0017096774193548388    -230.88202947407828
0.0017419354838709678    -417.0448391804002
0.0017741935483870969    -443.87779447326585
0.001806451612903226     -301.5141653961094
0.001838709677419355     -45.284684724166986
0.001870967741935484     243.26951026250245
0.0019032258064516129    422.0629548871695
0.001935483870967742     443.5946210882038
0.001967741935483871     304.1828100177767
0.002                    53.4392935210284
0.0020322580645161293    -233.34309407745462
0.002064516129032258     -418.8967070743102
0.002096774193548387     -440.3200276242511
0.0021290322580645163    -306.12997116917796
0.002161290322580645     -48.328007821174246
0.0021935483870967744    243.65488389312694
0.002225806451612903     420.25777946978116
0.0022580645161290325    438.73244180633253
0.0022903225806451613    307.5932613191449
0.0023225806451612906    54.53690379726431
0.0023548387096774194    -235.23452226964892
0.0023870967741935487    -419.82590335578715
0.0024193548387096775    -440.39006836162827
0.0024516129032258064    -305.6850700172655
0.0024838709677419356    -47.569322058320836
0.0025161290322580645    242.41960747291205
0.0025483870967741937    421.92354137861537
0.0025806451612903226    438.3905950750558
0.002612903225806452     306.46433398026545
0.0026451612903225807    56.32713839990809
0.00267741935483871      -237.52516258631638
0.002709677419354839     -419.3602165419675
0.002741935483870968     -439.1583117506003
0.002774193548387097     -307.82820210527257
0.0028064516129032257    -48.984542830144136
0.002838709677419355     242.63818073492664
0.002870967741935484     420.97001220439853
0.002903225806451613     436.5032842244468
0.002935483870967742     308.2140482026187
0.0029677419354838712    55.324060652629406
0.003                    -237.35039140806498
0.0030322580645161293    -418.4072915622712
0.003064516129032258     -440.5955116181479
0.0030967741935483874    -305.0981819629688
0.0031290322580645163    -49.650989199200495
0.003161290322580645     242.7494769940086
0.0031935483870967744    419.7631168520899
0.0032258064516129032    438.18104908052584
0.0032580645161290325    309.3043067842818
0.0032903225806451613    54.459291934574225
0.0033225806451612906    -237.1737590171122
0.0033548387096774194    -419.1523244009449
0.0033870967741935487    -438.680952565566
0.0034193548387096775    -307.65694872641774
0.0034516129032258064    -49.65905553419538
0.0034838709677419357    243.53876097921983
0.0035161290322580645    419.64289309896725
0.0035483870967741938    437.08521171412167
0.0035806451612903226    308.2909245916274
0.003612903225806452     54.52441146616593
0.0036451612903225807    -237.70015104942306
0.00367741935483871      -418.85961347143274
0.003709677419354839     -439.59452033393046
0.003741935483870968     -308.5252818679577
0.003774193548387097     -49.01677988189247
0.0038064516129032258    243.5905177793348
0.003838709677419355     418.7360498674656
0.003870967741935484     436.53063561136076
0.003903225806451613     309.59485039381684
0.003935483870967742     55.600391524617784
0.003967741935483871     -238.37852012684982
0.004                    -419.0450497539209
0.004032258064516129     -437.30639930163807
0.004064516129032259     -308.63452466318046
0.0040967741935483875    -48.392744802539994
0.004129032258064516     242.9129621674302
0.004161290322580645     420.8407719399738
0.004193548387096774     434.95533327782454
0.004225806451612904     310.45350737010006
0.0042580645161290325    55.60016301847908
0.004290322580645161     -238.2784449928715
0.00432258064516129      -418.5076674006109
0.00435483870967742      -438.6926774012025
0.004387096774193549     -309.14298177410296
0.004419354838709678     -48.91382644013945
0.004451612903225806     242.7319611964368
0.004483870967741935     419.82608035201497
0.004516129032258065     436.0560315700413
0.004548387096774194     310.498750067564
0.004580645161290323     54.21839182020256
0.0046129032258064515    -238.1151419880542
0.004645161290322581     -417.4483169770223
0.00467741935483871      -438.3812788807357
0.004709677419354839     -310.64541383097895
0.004741935483870968     -49.490692945779216
0.004774193548387097     243.8355735874317
0.004806451612903226     418.6639823877039
0.004838709677419355     436.2493810604682
