% Model:              
% Version:            COMSOL 5.2.1.229
% Date:               Aug 11 2017, 18:10
% Table:              Pressure incident Inlet - Pin
% Time (s)               Incident pressure (Pa), Point: 16
0                        0
3.968253968253968E-5     562.341325190349
7.936507936507937E-5     974.0037464252969
1.1904761904761905E-4    1124.6826503806983
1.5873015873015873E-4    974.003746425297
1.984126984126984E-4     562.341325190349
2.380952380952381E-4     1.377339007845284E-13
2.777777777777778E-4     -562.3413251903488
3.1746031746031746E-4    -974.0037464252966
3.5714285714285714E-4    -1124.6826503806983
3.968253968253968E-4     -974.0037464252969
4.365079365079365E-4     -562.3413251903496
4.761904761904762E-4     -2.754678015690568E-13
5.158730158730158E-4     562.3413251903482
5.555555555555556E-4     974.0037464252966
5.952380952380953E-4     1124.6826503806983
6.349206349206349E-4     974.0037464252974
6.746031746031745E-4     562.3413251903506
7.142857142857143E-4     4.1320170235358513E-13
7.53968253968254E-4      -562.34132519035
7.936507936507937E-4     -974.003746425297
8.333333333333333E-4     -1124.6826503806983
8.73015873015873E-4      -974.0037464252974
9.126984126984128E-4     -562.341325190349
9.523809523809524E-4     -5.509356031381136E-13
9.92063492063492E-4      562.3413251903481
0.0010317460317460316    974.003746425296
0.0010714285714285715    1124.6826503806983
0.0011111111111111111    974.0037464252975
0.0011507936507936507    562.3413251903509
0.0011904761904761906    -1.3091682142359124E-12
0.0012301587301587302    -562.341325190348
0.0012698412698412698    -974.0037464252958
0.0013095238095238095    -1124.6826503806983
0.001349206349206349     -974.0037464252986
0.001388888888888889     -562.3413251903493
0.0014285714285714286    -8.264034047071703E-13
0.0014682539682539682    562.3413251903478
0.001507936507936508     974.0037464252978
0.0015476190476190477    1124.6826503806983
0.0015873015873015873    974.0037464252968
0.001626984126984127     562.3413251903494
0.0016666666666666666    4.959812741808808E-12
0.0017063492063492064    -562.3413251903477
0.001746031746031746     -974.0037464252957
0.0017857142857142857    -1124.6826503806983
0.0018253968253968255    -974.0037464252968
0.0018650793650793651    -562.3413251903495
0.0019047619047619048    -1.1018712062762272E-12
0.0019444444444444444    562.3413251903476
0.001984126984126984     974.0037464252956
0.0020238095238095236    1124.6826503806983
0.0020634920634920633    974.0037464252988
0.0021031746031746033    562.3413251903496
0.002142857142857143     1.2396051070607556E-12
0.0021825396825396826    -562.3413251903474
0.0022222222222222222    -974.0037464252956
0.002261904761904762     -1124.6826503806983
0.0023015873015873015    -974.0037464252988
0.002341269841269841     -562.3413251903531
0.002380952380952381     2.6183364284718247E-12
0.002420634920634921     562.3413251903507
0.0024603174603174604    974.0037464252955
0.0025                   1124.6826503806983
0.0025396825396825397    974.0037464252989
0.0025793650793650793    562.34132519035
0.002619047619047619     5.5107483449469204E-12
0.0026587301587301586    -562.3413251903472
0.002698412698412698     -974.0037464252935
0.0027380952380952383    -1124.6826503806983
0.002777777777777778     -974.0037464252971
0.0028174603174603175    -562.3413251903534
0.002857142857142857     -1.6528068094143405E-12
0.0028968253968253968    562.3413251903437
0.0029365079365079364    974.0037464252954
0.002976190476190476     1124.6826503806983
0.003015873015873016     974.003746425295
0.0030555555555555557    562.3413251903502
0.0030952380952380953    -2.205134726118239E-12
0.003134920634920635     -562.341325190347
0.0031746031746031746    -974.0037464252973
0.0032142857142857142    -1124.6826503806983
0.003253968253968254     -974.0037464252972
0.0032936507936507935    -562.3413251903537
0.003333333333333333     -9.919625483617615E-12
0.003373015873015873     562.3413251903504
0.003412698412698413     974.0037464252952
0.0034523809523809524    1124.6826503806983
0.003492063492063492     974.0037464252993
0.0035317460317460317    562.3413251903504
0.0035714285714285713    6.061683948085034E-12
0.003611111111111111     -562.3413251903468
0.003650793650793651     -974.0037464252972
0.0036904761904761906    -1124.6826503806983
0.0037301587301587303    -974.0037464252973
0.00376984126984127      -562.3413251903539
0.0038095238095238095    -2.2037424125524543E-12
0.003849206349206349     562.3413251903431
0.0038888888888888888    974.003746425295
0.003928571428571429     1124.6826503806983
0.003968253968253968     974.0037464252994
0.004007936507936508     562.3413251903505
0.004047619047619047     6.337151749654091E-12
0.004087301587301587     -562.3413251903465
0.0041269841269841265    -974.0037464252931
0.004166666666666667     -1124.6826503806983
0.004206349206349207     -974.0037464252974
0.004246031746031746     -562.3413251903542
0.004285714285714286     -2.479210214121511E-12
0.004325396825396825     562.3413251903429
0.004365079365079365     974.0037464252949
0.004404761904761904     1124.6826503806983
0.0044444444444444444    974.0037464252995
0.0044841269841269845    562.3413251903507
0.004523809523809524     6.6126195512231476E-12
0.004563492063492064     -562.3413251903463
0.004603174603174603     -974.003746425293
0.004642857142857143     -1124.6826503806983
0.004682539682539682     -974.0037464253015
0.004722222222222222     -562.3413251903544
0.004761904761904762     5.2366728569436495E-12
0.0048015873015873015    562.3413251903427
0.004841269841269842     974.0037464252988
0.004880952380952381     1124.6826503806983
0.004920634920634921     974.0037464252996
0.00496031746031746      562.341325190351
0.005                    -1.1032635198420122E-12
0.005039682539682539     -562.3413251903391
0.005079365079365079     -974.0037464252927
0.005119047619047619     -1124.6826503806983
0.005158730158730159     -974.0037464252977
0.005198412698412699     -562.3413251903477
0.005238095238095238     -1.1021496689893841E-11
0.005277777777777778     562.3413251903424
0.005317460317460317     974.0037464252947
0.005357142857142857     1124.6826503806983
0.005396825396825396     974.0037464253038
0.0054365079365079364    562.3413251903582
0.0054761904761904765    7.163555154361261E-12
0.005515873015873016     -562.3413251903457
0.005555555555555556     -974.0037464252966
0.005595238095238095     -1124.6826503806983
0.005634920634920635     -974.0037464253019
0.005674603174603174     -562.341325190355
0.005714285714285714     -3.305613618828681E-12
0.005753968253968254     562.3413251903492
0.0057936507936507935    974.0037464252906
0.005833333333333334     1124.6826503806983
0.005873015873015873     974.0037464252999
0.005912698412698413     562.3413251903515
0.005952380952380952     1.5430373828564535E-11
0.005992063492063492     -562.3413251903526
0.006031746031746032     -974.0037464253005
0.006071428571428571     -1124.6826503806983
0.006111111111111111     -974.003746425298
0.006150793650793651     -562.341325190362
0.006190476190476191     4.410269452236478E-12
0.00623015873015873      562.341325190342
0.00626984126984127      974.0037464252945
0.006309523809523809     1124.6826503806983
0.006349206349206349     974.0037464252961
