% Model:              
% Version:            COMSOL 5.2.1.229
% Date:               Aug 11 2017, 18:01
% Table:              Aceleration Mic 2 - 
% Time (s)               Local acceleration, z component (m/s^2), Point: 14
0                        1.3284945861648321E-5
7.575757575757576E-5     -48.13172228733146
1.5151515151515152E-4    181.16462364233638
2.2727272727272727E-4    -123.542509021564
3.0303030303030303E-4    -2852.008616413056
3.787878787878788E-4     -9640.59520214334
4.5454545454545455E-4    -4779.474157943003
5.303030303030302E-4     -1372.064681961955
6.060606060606061E-4     3572.7885140779567
6.818181818181819E-4     6315.722271825925
7.575757575757576E-4     10286.14226772314
8.333333333333333E-4     7713.8875187016465
9.090909090909091E-4     10667.569672088783
9.84848484848485E-4      2347.513361455013
0.0010606060606060605    -705.4159324526619
0.0011363636363636363    -4808.778226751821
0.0012121212121212121    -10202.101593484062
0.001287878787878788     -10157.149078023034
0.0013636363636363637    -11854.673816448445
0.0014393939393939393    -8943.515620220453
0.0015151515151515152    -745.2928770581707
0.001590909090909091     5333.880566184062
0.0016666666666666666    9816.456261706044
0.0017424242424242424    10011.01695798677
0.0018181818181818182    10149.13789748451
0.001893939393939394     9702.435803064685
0.00196969696969697      963.505322888622
0.0020454545454545456    -5633.712007565293
0.002121212121212121     -9945.078450313866
0.002196969696969697     -10139.945097912518
0.0022727272727272726    -9911.823953467481
0.0023484848484848484    -9392.422972640512
0.0024242424242424242    -929.1042826226928
0.0025                   5907.983382873352
0.002575757575757576     9582.641356396187
0.0026515151515151517    10132.546124432214
0.0027272727272727275    10001.033467396828
0.002803030303030303     9458.225053965632
0.0028787878787878787    1184.031881388531
0.0029545454545454545    -5975.359074086655
0.0030303030303030303    -9617.356891208896
0.003106060606060606     -10085.16282393918
0.003181818181818182     -10131.306072222964
0.0032575757575757577    -9057.418170396717
0.003333333333333333     -1123.7404464153121
0.003409090909090909     5881.456841810124
0.0034848484848484847    9623.66855074868
0.0035606060606060605    10190.771744243342
0.0036363636363636364    10176.07074870247
0.003712121212121212     9287.842650126953
0.003787878787878788     1406.4428288329045
0.003863636363636364     -6108.024452728579
0.00393939393939394      -9751.81034361297
0.004015151515151515     -9962.008817308339
0.004090909090909091     -10282.339856486067
0.004166666666666667     -9228.995747475208
0.004242424242424242     -1133.0701202030214
0.004318181818181818     5821.460630795278
0.004393939393939394     9734.345572096252
0.00446969696969697      9953.377704656308
0.004545454545454545     10084.778862759591
0.0046212121212121215    9394.39225419936
0.004696969696969697     1202.193194460664
0.004772727272727273     -5900.603421331893
0.0048484848484848485    -9854.735929163464
0.004924242424242424     -9958.653524609079
0.005                    -10185.601885655356
0.0050757575757575755    -9241.263004653592
0.005151515151515152     -1014.2559814730243
0.005227272727272727     5740.625672032368
0.005303030303030303     9776.812236245314
0.005378787878787879     10073.643255980516
0.005454545454545455     10078.159098557266
0.00553030303030303      9371.696510521742
0.005606060606060606     1203.7044956744658
0.005681818181818182     -5992.788559404566
0.005757575757575757     -9717.588374116218
0.005833333333333334     -10080.361642113217
0.005909090909090909     -10247.146625697453
0.005984848484848485     -9281.473829998418
0.006060606060606061     -1071.2182687146878
0.006136363636363636     5684.85145611314
0.006212121212121212     9743.772135811294
0.006287878787878788     10139.380555948159
0.006363636363636364     10183.171195607447
0.006439393939393939     9575.141275059392
0.0065151515151515155    1151.4030020617136
0.006590909090909091     -5923.2072294920345
0.006666666666666666     -9787.462611842362
0.0067424242424242425    -9946.380965291446
0.006818181818181818     -10180.75320638893
0.006893939393939394     -9260.36185036341
0.0069696969696969695    -1021.88906131693
0.007045454545454546     5818.395151309789
0.007121212121212121     9663.155638653181
0.007196969696969697     10043.925850648051
0.007272727272727273     10169.373505366038
0.007348484848484848     9392.252170619213
0.007424242424242424     1199.9719651844273
0.0075                   -5959.810517369661
0.007575757575757576     -9759.109675486885
0.007651515151515151     -10086.064175044296
0.007727272727272728     -10237.532399934851
0.007803030303030303     -9151.051212345512
0.00787878787878788      -1145.594266565371
0.007954545454545454     5818.784539734392
0.00803030303030303      9686.006436430143
0.008106060606060606     10002.688841865187
0.008181818181818182     10092.652005113043
0.008257575757575757     9383.455498311843
0.008333333333333333     1251.1056520465002
0.00840909090909091      -5949.67222973068
0.008484848484848484     -9755.805352385345
0.00856060606060606      -10015.305106350075
0.008636363636363636     -10168.916747494404
0.008712121212121213     -9134.645281339608
0.008787878787878787     -1062.8661756615911
0.008863636363636363     5856.510111775708
0.00893939393939394      9718.298878089245
0.009015151515151516     10074.697702611074
0.00909090909090909      10157.605426925373
0.009166666666666667     9323.86895628419
0.009242424242424243     1240.4418237468817
0.009318181818181817     -5963.917843168238
0.009393939393939394     -9706.65946451957
0.00946969696969697      -10065.674058533
0.009545454545454546     -10249.733784270717
0.00962121212121212      -9155.597728890989
0.009696969696969697     -1106.2079173339216
0.009772727272727273     5740.071911654786
0.009848484848484848     9739.104753944854
0.009924242424242424     10016.072305801265
0.01                     10029.981823144692
0.010075757575757576     9366.644811156712
0.010151515151515151     1235.6081066734964
0.010227272727272727     -5841.343204287474
0.010303030303030303     -9881.6904305537
0.010378787878787878     -10011.118161783848
0.010454545454545454     -10067.139119798903
0.01053030303030303      -9233.271316453836
0.010606060606060607     -1130.4413011568658
0.010681818181818181     5870.400722549706
0.010757575757575757     9674.35891179798
0.010833333333333334     10021.748598591548
0.01090909090909091      10054.106615956905
0.010984848484848484     9376.166773911988
0.01106060606060606      1213.225089972304
0.011136363636363637     -5962.6242120185325
0.011212121212121211     -9758.685214248846
0.011287878787878788     -10039.081305344713
0.011363636363636364     -10175.47502596321
0.01143939393939394      -9198.805989745742
0.011515151515151515     -1047.3928203144833
0.011590909090909091     5824.960522566392
0.011666666666666667     9676.84341989214
0.011742424242424242     10062.552784776562
0.011818181818181818     10201.105746276833
0.011893939393939394     9506.25726221369
0.01196969696969697      1043.2244004402378
0.012045454545454545     -5752.024126050103
0.012121212121212121     -9854.164669478458
