% Model:              
% Version:            COMSOL 5.2.1.229
% Date:               Aug 11 2017, 23:55
% Table:              Pressure incident Inlet - Pin
% Time (s)               Incident pressure (Pa), Point: 16
0                        0
2.4390243902439026E-5    661.0718754029862
4.878048780487805E-5     1069.636763408667
7.317073170731708E-5     1069.636763408667
9.75609756097561E-5      661.0718754029863
1.2195121951219512E-4    1.377339007845284E-13
1.4634146341463417E-4    -661.0718754029864
1.707317073170732E-4     -1069.636763408667
1.951219512195122E-4     -1069.636763408667
2.1951219512195122E-4    -661.0718754029864
2.4390243902439024E-4    -2.754678015690568E-13
2.682926829268293E-4     661.0718754029858
2.9268292682926834E-4    1069.6367634086673
3.1707317073170733E-4    1069.636763408667
3.414634146341464E-4     661.0718754029864
3.6585365853658537E-4    4.1320170235358513E-13
3.902439024390244E-4     -661.0718754029857
4.1463414634146346E-4    -1069.6367634086669
4.3902439024390245E-4    -1069.6367634086673
4.634146341463415E-4     -661.0718754029865
4.878048780487805E-4     -5.509356031381136E-13
5.121951219512195E-4     661.0718754029856
5.365853658536586E-4     1069.6367634086669
5.609756097560976E-4     1069.6367634086666
5.853658536585367E-4     661.071875402985
6.097560975609756E-4     6.88669503922642E-13
6.341463414634147E-4     -661.0718754029855
6.585365853658537E-4     -1069.6367634086669
6.829268292682927E-4     -1069.6367634086673
7.073170731707318E-4     -661.0718754029867
7.317073170731707E-4     -8.264034047071703E-13
7.560975609756098E-4     661.0718754029854
7.804878048780488E-4     1069.6367634086669
8.048780487804879E-4     1069.6367634086675
8.292682926829269E-4     661.0718754029868
8.536585365853659E-4     9.641373054916988E-13
8.780487804878049E-4     -661.0718754029853
9.024390243902439E-4     -1069.6367634086669
9.26829268292683E-4      -1069.6367634086675
9.51219512195122E-4      -661.071875402987
9.75609756097561E-4      -1.1018712062762272E-12
0.001                    661.0718754029853
0.001024390243902439     1069.6367634086669
0.0010487804878048781    1069.6367634086675
0.0010731707317073172    661.0718754029871
0.0010975609756097562    1.2396051070607556E-12
0.0011219512195121953    -661.0718754029883
0.0011463414634146343    -1069.636763408668
0.0011707317073170733    -1069.6367634086664
0.0011951219512195122    -661.0718754029872
0.0012195121951219512    -1.377339007845284E-12
0.0012439024390243903    661.0718754029817
0.0012682926829268293    1069.6367634086666
0.0012926829268292684    1069.6367634086664
0.0013170731707317074    661.0718754029874
0.0013414634146341464    -2.4806025276872957E-12
0.0013658536585365855    -661.0718754029849
0.0013902439024390245    -1069.6367634086678
0.0014146341463414636    -1069.6367634086675
0.0014390243902439024    -661.0718754029906
0.0014634146341463415    -1.6528068094143405E-12
0.0014878048780487805    661.0718754029815
0.0015121951219512196    1069.6367634086666
0.0015365853658536586    1069.6367634086664
0.0015609756097560976    661.0718754029875
0.0015853658536585367    -2.205134726118239E-12
0.0016097560975609757    -661.0718754029846
0.0016341463414634148    -1069.6367634086678
0.0016585365853658538    -1069.6367634086678
0.0016829268292682929    -661.0718754029843
0.0017073170731707317    -1.9282746109833975E-12
0.0017317073170731708    661.0718754029813
0.0017560975609756098    1069.6367634086664
0.0017804878048780488    1069.636763408669
0.0018048780487804879    661.0718754029878
0.001829268292682927     -1.9296669245491826E-12
0.001853658536585366     -661.0718754029843
0.001878048780487805     -1069.6367634086678
0.001902439024390244     -1069.6367634086678
0.0019268292682926831    -661.0718754029846
0.001951219512195122     -2.2037424125524543E-12
0.001975609756097561     661.0718754029812
0.002                    1069.6367634086664
0.002024390243902439     1069.6367634086691
0.002048780487804878     661.071875402988
0.002073170731707317     -1.6541991229801256E-12
0.0020975609756097562    -661.0718754029841
0.0021219512195121953    -1069.6367634086675
0.0021463414634146343    -1069.6367634086678
0.0021707317073170734    -661.0718754029849
0.0021951219512195124    -2.479210214121511E-12
0.0022195121951219515    661.0718754029874
0.0022439024390243905    1069.636763408669
0.0022682926829268295    1069.6367634086666
0.0022926829268292686    661.0718754029817
0.0023170731707317076    -1.378731321411069E-12
0.0023414634146341467    -661.0718754029905
0.0023658536585365853    -1069.636763408665
0.0023902439024390243    -1069.636763408668
0.0024146341463414634    -661.0718754029916
0.0024390243902439024    -2.754678015690568E-12
0.0024634146341463415    661.0718754029806
0.0024878048780487805    1069.636763408664
0.0025121951219512196    1069.6367634086691
0.0025365853658536586    661.0718754029883
0.0025609756097560977    -1.1032635198420122E-12
0.0025853658536585367    -661.0718754029903
0.0026097560975609758    -1069.636763408665
0.002634146341463415     -1069.636763408668
0.002658536585365854     -661.0718754029853
0.002682926829268293     4.9612050553745915E-12
0.002707317073170732     661.0718754029804
0.002731707317073171     1069.6367634086662
0.00275609756097561      1069.6367634086669
0.002780487804878049     661.0718754029821
0.002804878048780488     -8.819146590907172E-12
0.002829268292682927     -661.0718754029834
0.0028536585365853662    -1069.6367634086673
0.002878048780487805     -1069.6367634086705
0.002902439024390244     -661.071875402992
0.002926829268292683     -3.305613618828681E-12
0.002951219512195122     661.0718754029866
0.002975609756097561     1069.6367634086635
0.003                    1069.6367634086694
0.003024390243902439     661.0718754029889
0.003048780487804878     -5.523279167038986E-13
0.003073170731707317     -661.0718754029897
0.0030975609756097562    -1069.6367634086648
0.0031219512195121953    -1069.6367634086682
0.0031463414634146343    -661.0718754029857
0.0031707317073170734    4.410269452236478E-12
0.0031951219512195124    661.07187540298
0.0032195121951219515    1069.636763408666
0.0032439024390243905    1069.636763408667
0.0032682926829268296    661.0718754029826
0.0032926829268292686    -8.268210987769058E-12
0.0033170731707317077    -661.0718754029831
0.0033414634146341467    -1069.636763408667
0.0033658536585365858    -1069.6367634086657
0.0033902439024390244    -661.0718754029925
0.0034146341463414634    -3.856549221966795E-12
0.0034390243902439025    661.0718754029863
0.0034634146341463415    1069.6367634086635
0.0034878048780487805    1069.6367634086696
0.0035121951219512196    661.0718754029893
0.0035365853658536586    -1.392313565785052E-15
0.0035609756097560977    -661.0718754029764
0.0035853658536585367    -1069.6367634086646
0.0036097560975609758    -1069.6367634086682
0.003634146341463415     -661.0718754029863
0.003658536585365854     3.859333849098365E-12
