% Model:              
% Version:            COMSOL 5.2.1.229
% Date:               Aug 14 2017, 13:50
% Table:              Aceleration Mic 1 - actd.ay
% Time (s)               Local acceleration, z component (m/s^2), Point: 15
0                        2.2191828709119698E-13
1.9607843137254903E-5    4.415675448415453E-6
3.9215686274509805E-5    -2.0981244281859676E-4
5.882352941176471E-5     0.02422410858938212
7.843137254901961E-5     -0.04704730999733159
9.803921568627452E-5     -3.78025158085176
1.1764705882352942E-4    -29.310816719960066
1.372549019607843E-4     -118.8713594377159
1.5686274509803922E-4    -252.60969773100624
1.7647058823529413E-4    -67.28276906820614
1.9607843137254904E-4    277.6691953753631
2.1568627450980392E-4    -409.2782207456881
2.3529411764705883E-4    558.6939655747321
2.5490196078431374E-4    -854.1111494247688
2.745098039215686E-4     -2392.6313507415234
2.9411764705882356E-4    -1106.0561632803388
3.1372549019607844E-4    347.87256773906734
3.333333333333333E-4     1804.6375846987162
3.5294117647058826E-4    2476.4708794919916
3.7254901960784314E-4    2249.8952924482874
3.921568627450981E-4     1161.2966143441129
4.1176470588235296E-4    -403.4611810143907
4.3137254901960784E-4    -1778.6193642794142
4.509803921568628E-4     -2532.019983011407
4.7058823529411766E-4    -2264.916055495964
4.901960784313725E-4     -1196.7158652910541
5.098039215686275E-4     434.70021153389825
5.294117647058824E-4     1798.0870778706144
5.490196078431372E-4     2530.0799095984166
5.686274509803922E-4     2204.7652195881205
5.882352941176471E-4     1151.397922431219
6.078431372549019E-4     -401.25088471744493
6.274509803921569E-4     -1830.8052860678808
6.470588235294118E-4     -2414.6719520829038
6.666666666666666E-4     -2110.6397580429084
6.862745098039216E-4     -1141.86667508516
7.058823529411765E-4     282.39321345488327
7.254901960784313E-4     1736.7798095744097
7.450980392156863E-4     2607.7986004697705
7.647058823529412E-4     2152.6326336688853
7.843137254901962E-4     1091.6478096504907
8.03921568627451E-4      -335.38791102244585
8.235294117647059E-4     -1816.338820536047
8.431372549019609E-4     -2527.712760488485
8.627450980392157E-4     -2051.0503420206574
8.823529411764706E-4     -1536.9738138992882
9.019607843137256E-4     934.3348262702625
9.215686274509804E-4     1100.9319589579395
9.411764705882353E-4     2931.624640629265
9.607843137254903E-4     3915.0218287221433
9.80392156862745E-4      2060.2926861457518
0.001                    -1035.7941397607915
0.001019607843137255     -3404.7441816994497
0.00103921568627451      -4537.777529848426
0.0010588235294117648    -3673.632945332055
0.0010784313725490195    -1496.6285260257546
0.0010980392156862745    1603.5196065160003
0.0011176470588235294    4017.2576109183838
0.0011372549019607844    5099.329784107582
0.0011568627450980393    3987.311721381535
0.0011764705882352942    1489.3669722957852
0.001196078431372549     -1572.4913823993925
0.0012156862745098039    -3960.9071791354536
0.0012352941176470588    -4913.726145955005
0.0012549019607843138    -4022.341986719564
0.0012745098039215687    -1803.8781771187878
0.0012941176470588236    1223.5363537033493
0.0013137254901960786    3816.6376186804164
0.0013333333333333333    4837.973495475726
0.0013529411764705882    4058.6336366715877
0.0013725490196078432    1516.4770557675047
0.001392156862745098     -1545.6979295701385
0.001411764705882353     -3995.348361482693
0.001431372549019608     -4851.759072622059
0.0014509803921568627    -3950.1276299803376
0.0014705882352941176    -1539.44447674918
0.0014901960784313726    1312.3324031181514
0.0015098039215686275    3914.403026517843
0.0015294117647058824    4865.837596299306
0.0015490196078431374    4168.915166296012
0.0015686274509803923    1668.4592586296003
0.001588235294117647     -1347.1932403298856
0.001607843137254902     -3985.2116002798816
0.001627450980392157     -4864.186859739959
0.0016470588235294118    -3964.01987319985
0.0016666666666666668    -1529.5444852846867
0.0016862745098039217    1370.0358205296302
0.0017058823529411764    3889.8009066776303
0.0017254901960784314    4803.820905470253
0.0017450980392156863    4081.2465888204233
0.0017647058823529412    1667.9289339678508
0.0017843137254901962    -1355.9754828688117
0.0018039215686274511    -3942.7086611982386
0.0018235294117647058    -4939.94493798023
0.0018431372549019608    -4069.697556692283
0.0018627450980392157    -1596.046257502871
0.0018823529411764706    1460.927592859874
0.0019019607843137256    3843.1962020689043
0.0019215686274509805    4854.421555529978
0.0019411764705882354    3999.12374308126
0.00196078431372549      1648.1089458573524
0.001980392156862745     -1316.6498499404393
0.002                    -3866.8494395907364
0.002019607843137255     -4954.10326067142
0.00203921568627451      -4069.4079851595325
0.002058823529411765     -1695.8006852779745
0.00207843137254902      1462.448758803082
0.0020980392156862747    3908.3349384398525
0.0021176470588235297    4914.132450453169
0.002137254901960784     3978.580728656528
0.002156862745098039     1670.2537231437193
0.002176470588235294     -1388.5183344770999
0.002196078431372549     -3778.0145618134975
0.002215686274509804     -4924.620501694204
0.002235294117647059     -4061.8683374803004
0.0022549019607843138    -1723.2460012809129
0.0022745098039215687    1397.6771593028643
0.0022941176470588237    3895.3770059839794
0.0023137254901960786    4960.764725998461
0.0023333333333333335    3988.3734803197895
0.0023529411764705885    1643.1081105279382
0.0023725490196078434    -1386.7006742159776
0.002392156862745098     -3839.210674023813
0.002411764705882353     -4871.875281454602
0.0024313725490196078    -4042.5201226006466
0.0024509803921568627    -1742.7979606810786
0.0024705882352941176    1350.8925681938563
0.0024901960784313726    3884.507039418507
0.0025098039215686275    4931.320057545111
0.0025294117647058825    4090.8072594850064
0.0025490196078431374    1645.3987274716076
0.0025686274509803923    -1389.6638434581578
0.0025882352941176473    -3877.660705229363
0.002607843137254902     -4860.99617118782
0.002627450980392157     -4046.1273651037463
0.0026470588235294116    -1683.518555045709
0.0026666666666666666    1293.2673884359237
0.0026862745098039215    3859.6642801890775
0.0027058823529411765    4926.554638019763
0.0027254901960784314    4109.5760493184935
0.0027450980392156863    1671.1973963046426
0.0027647058823529413    -1355.0204837710248
0.002784313725490196     -3941.052345544527
0.002803921568627451     -4867.778156828321
0.002823529411764706     -4050.1822165534877
0.002843137254901961     -1637.4229871645396
0.002862745098039216     1319.1612020211787
0.002882352941176471     3858.9027046421443
0.0029019607843137254    4861.570621744816
0.0029215686274509803    4137.042412371004
0.0029411764705882353    1688.2634764048198
