% Model:              
% Version:            COMSOL 5.2.1.229
% Date:               Aug 14 2017, 13:50
% Table:              Pressure Mic 1 - 
% Time (s)               Pressure (Pa), Point: 15
0                        4.700702077401001E-16
1.9607843137254903E-5    5.759720070125769E-9
3.9215686274509805E-5    4.013694930374234E-7
5.882352941176471E-5     3.8829664361717424E-5
7.843137254901961E-5     -0.0010237754862879307
9.803921568627452E-5     -0.012176290637160124
1.1764705882352942E-4    -0.04454513572726574
1.372549019607843E-4     -0.09911277971150351
1.5686274509803922E-4    -0.31597514708402447
1.7647058823529413E-4    -0.7200062949468866
1.9607843137254904E-4    0.24552667254774793
2.1568627450980392E-4    0.16270579763348744
2.3529411764705883E-4    -0.6160450395425627
2.5490196078431374E-4    0.0783877184092426
2.745098039215686E-4     14.1802384969933
2.9411764705882356E-4    28.112182501088878
3.1372549019607844E-4    31.25464638978918
3.333333333333333E-4     22.195594756936476
3.5294117647058826E-4    5.446619548739345
3.7254901960784314E-4    -14.453241781701797
3.921568627450981E-4     -27.989633611508687
4.1176470588235296E-4    -31.29258085159192
4.3137254901960784E-4    -22.426660582669196
4.509803921568628E-4     -4.893205846405759
4.7058823529411766E-4    14.162691938200961
4.901960784313725E-4     28.296932329411007
5.098039215686275E-4     31.348487251333754
5.294117647058824E-4     22.4359599285106
5.490196078431372E-4     5.123362350128353
5.686274509803922E-4     -14.255577587314074
5.882352941176471E-4     -27.755638371125706
6.078431372549019E-4     -31.103117198919726
6.274509803921569E-4     -22.138839366520788
6.470588235294118E-4     -4.548081059478827
6.666666666666666E-4     14.06805016599751
6.862745098039216E-4     27.87661856467202
7.058823529411765E-4     30.903244683588778
7.254901960784313E-4     22.94340392417014
7.450980392156863E-4     5.110500936268442
7.647058823529412E-4     -14.552229063087566
7.843137254901962E-4     -27.80976696333384
8.03921568627451E-4      -31.582044889672154
8.235294117647059E-4     -22.266078212841176
8.431372549019609E-4     -5.019075231478683
8.627450980392157E-4     14.365938596142241
8.823529411764706E-4     27.731185888275903
9.019607843137256E-4     31.742881196150062
9.215686274509804E-4     22.665138406314714
9.411764705882353E-4     3.431998038436185
9.607843137254903E-4     -6.522395934245584
9.80392156862745E-4      -10.214444918508283
0.001                    -12.116560217660329
0.001019607843137255     -12.830277931226416
0.00103921568627451      -10.367695592553876
0.0010588235294117648    -5.407477288099612
0.0010784313725490195    1.1318658948952045
0.0010980392156862745    7.83729909713665
0.0011176470588235294    13.42700433030431
0.0011372549019607844    15.733048410220354
0.0011568627450980393    14.329773974609731
0.0011764705882352942    8.625750449921481
0.001196078431372549     1.833049209013075
0.0012156862745098039    -3.137431810778714
0.0012352941176470588    -4.851654071426725
0.0012549019607843138    -2.57951662368559
0.0012745098039215687    1.2639839805543902
0.0012941176470588236    5.63280618868115
0.0013137254901960786    8.66039995583928
0.0013333333333333333    9.204347903163987
0.0013529411764705882    7.0135091122024456
0.0013725490196078432    1.4580257266217156
0.001392156862745098     -4.825465952777817
0.001411764705882353     -10.124074698843346
0.001431372549019608     -11.31544142820352
0.0014509803921568627    -8.573572394103511
0.0014705882352941176    -3.2476934184257398
0.0014901960784313726    2.481177524437056
0.0015098039215686275    6.314107977057382
0.0015294117647058824    7.342804538656894
0.0015490196078431374    5.780988380601109
0.0015686274509803923    1.4379185671556811
0.001588235294117647     -3.7554956262793007
0.001607843137254902     -8.35300752759601
0.001627450980392157     -9.522264515241229
0.0016470588235294118    -7.128709988009044
0.0016666666666666668    -1.5738612465355772
0.0016862745098039217    4.436878648027135
0.0017058823529411764    8.527419482550064
0.0017254901960784314    9.261297530033689
0.0017450980392156863    6.754559637450453
0.0017647058823529412    2.408514668051948
0.0017843137254901962    -2.936476609462305
0.0018039215686274511    -7.192372498569208
0.0018235294117647058    -8.674562540622825
0.0018431372549019608    -6.9150880362707285
0.0018627450980392157    -1.8819349606736167
0.0018823529411764706    3.932132145600415
0.0019019607843137256    8.244354949272886
0.0019215686274509805    9.056806892946707
0.0019411764705882354    6.344236752872566
0.00196078431372549      1.5515205233297555
0.001980392156862745     -3.7676968774069173
0.002                    -7.479093641102977
0.002019607843137255     -8.831417068096828
0.00203921568627451      -6.839421525109609
0.002058823529411765     -2.4263420855469926
0.00207843137254902      3.3653837926768078
0.0020980392156862747    7.836627746705394
0.0021176470588235297    9.072428349140765
0.002137254901960784     6.517628483732128
0.002156862745098039     1.523418976624209
0.002176470588235294     -3.953710722573865
0.002196078431372549     -7.622037457457091
0.002215686274509804     -8.496300084576959
0.002235294117647059     -6.370662592240968
0.0022549019607843138    -2.137274202657794
0.0022745098039215687    3.3674269560097634
0.0022941176470588237    7.490207709107641
0.0023137254901960786    9.083476725615068
0.0023333333333333335    6.849956269850774
0.0023529411764705885    1.8412318058048414
0.0023725490196078434    -3.821357246982169
0.002392156862745098     -7.8733309446056605
0.002411764705882353     -8.635533798688387
0.0024313725490196078    -6.287976721152247
0.0024509803921568627    -1.7901266152635307
0.0024705882352941176    3.314265416428523
0.0024901960784313726    7.317297974426964
0.0025098039215686275    8.696233222344333
0.0025294117647058825    6.718541183081825
0.0025490196078431374    2.15115379641414
0.0025686274509803923    -3.7559298141405604
0.0025882352941176473    -7.925091506518762
0.002607843137254902     -8.792642916937563
0.002627450980392157     -6.441033988443552
0.0026470588235294116    -1.627977416927451
0.0026666666666666666    3.4949629034229424
0.0026862745098039215    7.274831396917065
0.0027058823529411765    8.360714326345406
0.0027254901960784314    6.538332997359329
0.0027450980392156863    2.0327024907900384
0.0027647058823529413    -3.406017930626715
0.002784313725490196     -7.684981900837155
0.002803921568627451     -8.882484423613425
0.002823529411764706     -6.454803114920467
0.002843137254901961     -1.700000499737252
0.002862745098039216     3.6597472772489668
0.002882352941176471     7.455007011598421
0.0029019607843137254    8.232244403298107
0.0029215686274509803    6.268674256509655
0.0029411764705882353    1.9013266115516303
