% Model:              
% Version:            COMSOL 5.2.1.229
% Date:               Aug 14 2017, 13:50
% Table:              Ave P Plane Multiphysics - 
% Time (s)               aveop2(p) (Pa)
0                        1.7638322786888945E-31
1.9607843137254903E-5    4.965946881471989E-19
3.9215686274509805E-5    2.500297332134189E-16
5.882352941176471E-5     -3.9172278957563535E-14
7.843137254901961E-5     2.244613635734954E-12
9.803921568627452E-5     -1.3617107032156638E-10
1.1764705882352942E-4    4.127828785149116E-9
1.372549019607843E-4     1.0854317044926202E-8
1.5686274509803922E-4    -1.4849305679827191E-6
1.7647058823529413E-4    -7.059660542700591E-6
1.9607843137254904E-4    1.0256873569331215E-4
2.1568627450980392E-4    0.0012175132711652115
2.3529411764705883E-4    0.005724500735975365
2.5490196078431374E-4    0.014268884663020532
2.745098039215686E-4     0.020969156010154352
2.9411764705882356E-4    0.03028764851489177
3.1372549019607844E-4    0.10654009722705965
3.333333333333333E-4     0.29861184333191454
3.5294117647058826E-4    0.2801995702688343
3.7254901960784314E-4    -0.27524978695749713
3.921568627450981E-4     -0.1932763765269511
4.1176470588235296E-4    0.4327100227361918
4.3137254901960784E-4    -0.5239704945196351
4.509803921568628E-4     0.07371465220961801
4.7058823529411766E-4    -0.9326116749573303
4.901960784313725E-4     0.4294567073514524
5.098039215686275E-4     -0.8016892157218299
5.294117647058824E-4     1.2939605260205216
5.490196078431372E-4     15.384261732856597
5.686274509803922E-4     28.71630949094261
5.882352941176471E-4     31.206402066192673
6.078431372549019E-4     21.063456499632036
6.274509803921569E-4     3.409915387659247
6.470588235294118E-4     -14.926768775247067
6.666666666666666E-4     -30.984334194328447
6.862745098039216E-4     -24.430790051432176
7.058823529411765E-4     -3.7907000886296873
7.254901960784313E-4     16.080236291677778
7.450980392156863E-4     26.3925680704445
7.647058823529412E-4     24.993717575523004
7.843137254901962E-4     12.352164141673315
8.03921568627451E-4      -5.399628682426867
8.235294117647059E-4     -20.88014532445525
8.431372549019609E-4     -26.353200097800187
8.627450980392157E-4     -20.019607008358804
8.823529411764706E-4     -3.891048355358546
9.019607843137256E-4     15.139626651685559
9.215686274509804E-4     30.457485974868753
9.411764705882353E-4     36.45381728364916
9.607843137254903E-4     30.927704127847985
9.80392156862745E-4      15.432683246932607
0.001                    -5.0169123383723635
0.001019607843137255     -22.781234664921865
0.00103921568627451      -30.992505676157997
0.0010588235294117648    -26.25339595310061
0.0010784313725490195    -11.219658966271759
0.0010980392156862745    8.29760534672954
0.0011176470588235294    23.612837854410056
0.0011372549019607844    29.60582299535479
0.0011568627450980393    24.165808645840038
0.0011764705882352942    9.325919889921167
0.001196078431372549     -9.598853768596904
0.0012156862745098039    -25.86698553757824
0.0012352941176470588    -33.194922151511506
0.0012549019607843138    -28.052899140681202
0.0012745098039215687    -12.390219168135156
0.0012941176470588236    7.913283574398095
0.0013137254901960786    24.457345637993477
0.0013333333333333333    31.244538159421573
0.0013529411764705882    25.94699634505287
0.0013725490196078432    11.002164612582186
0.001392156862745098     -7.886999998992771
0.001411764705882353     -23.87198627305511
0.001431372549019608     -30.885774973601343
0.0014509803921568627    -26.162438605300963
0.0014705882352941176    -11.322294417458476
0.0014901960784313726    8.517604514442963
0.0015098039215686275    25.436926514453738
0.0015294117647058824    32.17722560524935
0.0015490196078431374    26.850635834709028
0.0015686274509803923    11.220236230081623
0.001588235294117647     -8.30210332997564
0.001607843137254902     -24.187657510558118
0.001627450980392157     -31.046072643101873
0.0016470588235294118    -26.40355917593254
0.0016666666666666668    -11.567508809967538
0.0016862745098039217    7.64495119804822
0.0017058823529411764    24.38874810554053
0.0017254901960784314    31.758937318242054
0.0017450980392156863    26.595047776519376
0.0017647058823529412    11.219825365138327
0.0017843137254901962    -8.574934676022876
0.0018039215686274511    -24.860080455628374
0.0018235294117647058    -31.39890933133195
0.0018431372549019608    -26.315172608492112
0.0018627450980392157    -11.534630121794637
0.0018823529411764706    7.7159694143154915
0.0019019607843137256    24.157951602426284
0.0019215686274509805    31.578397283592526
0.0019411764705882354    26.998876147787854
0.00196078431372549      11.693391159837317
0.001980392156862745     -8.198939645092874
0.002                    -24.751021046275543
0.002019607843137255     -31.713203393587932
0.00203921568627451      -26.322723742269062
0.002058823529411765     -11.216802963505152
0.00207843137254902      7.9947612637690515
0.0020980392156862747    24.209682424567788
0.0021176470588235297    31.487865978363274
0.002137254901960784     26.6934562069971
0.002156862745098039     11.94594834229714
0.002176470588235294     -7.953769456705865
0.002196078431372549     -24.70329495845815
0.002215686274509804     -31.83692506406277
0.002235294117647059     -26.694941128688058
0.0022549019607843138    -11.38435905113227
0.0022745098039215687    8.188599600377875
0.0022941176470588237    24.2692043570412
0.0023137254901960786    31.216534755147265
0.0023333333333333335    26.464149951493148
0.0023529411764705885    11.764651141864368
0.0023725490196078434    -7.674729145261513
0.002392156862745098     -24.44049920276642
0.002411764705882353     -31.92483145457993
0.0024313725490196078    -26.962070271404343
0.0024509803921568627    -11.641953431526163
0.0024705882352941176    8.082325009473156
0.0024901960784313726    24.54061130640064
0.0025098039215686275    31.367615758463195
0.0025294117647058825    26.427751051097836
0.0025490196078431374    11.685279946796411
0.0025686274509803923    -7.697715791587915
0.0025882352941176473    -24.207882976795347
0.002607843137254902     -31.633311998935763
0.002627450980392157     -27.045023379628955
0.0026470588235294116    -11.949571920773195
0.0026666666666666666    7.882763288056048
0.0026862745098039215    24.501311347642456
0.0027058823529411765    31.608016954756568
0.0027254901960784314    26.63328788214318
0.0027450980392156863    11.468620698605156
0.0027647058823529413    -7.794321760019502
0.002784313725490196     -24.281603335251255
0.002803921568627451     -31.566309167874703
0.002823529411764706     -26.895440179912445
0.002843137254901961     -11.956130768205561
0.002862745098039216     7.635491285461602
0.002882352941176471     24.549570573625388
0.0029019607843137254    31.719242422373295
0.0029215686274509803    26.848866766639013
0.0029411764705882353    11.625187761554477
