% Model:              
% Version:            COMSOL 5.2.1.229
% Date:               Aug 14 2017, 13:50
% Table:              Ave P Plane Acoustic - P plane ac (aveop3(p2))
% Time (s)               Average Pressure Plane Acoustic (Pa)
0                        1.7265600761630693E-24
1.9607843137254903E-5    -4.9114489397618944E-17
3.9215686274509805E-5    -9.405496954858347E-14
5.882352941176471E-5     9.700663551205108E-13
7.843137254901961E-5     -1.832591403949371E-10
9.803921568627452E-5     2.4748086043358073E-8
1.1764705882352942E-4    -5.491994497746987E-7
1.372549019607843E-4     -6.892774918364474E-6
1.5686274509803922E-4    7.393601470460912E-5
1.7647058823529413E-4    0.0011812398127430744
1.9607843137254904E-4    0.005610502286021717
2.1568627450980392E-4    0.00936759647617363
2.3529411764705883E-4    -0.015405223582401675
2.5490196078431374E-4    -0.09078658714420998
2.745098039215686E-4     -0.07327180235233083
2.9411764705882356E-4    0.24888280210984065
3.1372549019607844E-4    0.3523666474231349
3.333333333333333E-4     -0.45423870736329314
3.5294117647058826E-4    -0.10546467057199184
3.7254901960784314E-4    0.35073829605207596
3.921568627450981E-4     -0.5995236084213641
4.1176470588235296E-4    0.3870727500730644
4.3137254901960784E-4    0.45754451461776957
4.509803921568628E-4     -1.7249256468756091
4.7058823529411766E-4    11.060776444063702
4.901960784313725E-4     25.42480394594863
5.098039215686275E-4     31.224492200386685
5.294117647058824E-4     24.699677969457838
5.490196078431372E-4     8.94604769226221
5.686274509803922E-4     -10.060075705493137
5.882352941176471E-4     -26.2548726419557
6.078431372549019E-4     -31.880605736152084
6.274509803921569E-4     -24.60586173139165
6.470588235294118E-4     -9.433923973701832
6.666666666666666E-4     10.99486026058484
6.862745098039216E-4     25.7913522264813
7.058823529411765E-4     31.853038332162242
7.254901960784313E-4     24.989144213488853
7.450980392156863E-4     8.013028908439075
7.647058823529412E-4     -0.43396084151541486
7.843137254901962E-4     -6.9700637422808915
8.03921568627451E-4      -13.74897737558162
8.235294117647059E-4     -18.45513857830769
8.431372549019609E-4     -17.296128043661096
8.627450980392157E-4     -11.445192574055872
8.823529411764706E-4     -1.0334591696534265
9.019607843137256E-4     10.26336875565427
9.215686274509804E-4     19.783794299781473
9.411764705882353E-4     23.789834336197742
9.607843137254903E-4     20.347174053144563
9.80392156862745E-4      11.03241863523784
0.001                    -0.7815979995895994
0.001019607843137255     -9.445367085529979
0.00103921568627451      -12.381546065811781
0.0010588235294117648    -9.080470516519624
0.0010784313725490195    -1.3388875622398018
0.0010980392156862745    7.576382316062644
0.0011176470588235294    14.441513931689926
0.0011372549019607844    17.10792074322688
0.0011568627450980393    13.154818148727472
0.0011764705882352942    4.169307986584495
0.001196078431372549     -7.320521168896393
0.0012156862745098039    -16.408979226717186
0.0012352941176470588    -18.910622602289067
0.0012549019607843138    -14.850561477650848
0.0012745098039215687    -5.695490003522925
0.0012941176470588236    4.664731739842869
0.0013137254901960786    12.466404901500669
0.0013333333333333333    15.208215964740742
0.0013529411764705882    12.259845766295664
0.0013725490196078432    4.122866321860842
0.001392156862745098     -6.127978863001772
0.001411764705882353     -14.478569206067263
0.001431372549019608     -17.48462781805115
0.0014509803921568627    -13.478485895108312
0.0014705882352941176    -3.8933209241237536
0.0014901960784313726    6.598376077863362
0.0015098039215686275    14.73657289184212
0.0015294117647058824    16.988907956778743
0.0015490196078431374    13.405210921955899
0.0015686274509803923    5.048942703181054
0.001588235294117647     -5.136633925830653
0.001607843137254902     -13.562926596355757
0.001627450980392157     -16.65114029503283
0.0016470588235294118    -13.50697588717977
0.0016666666666666668    -4.473890159748414
0.0016862745098039217    6.222151477593961
0.0017058823529411764    14.576038178613485
0.0017254901960784314    16.866946108670547
0.0017450980392156863    12.863294591349767
0.0017647058823529412    4.179846337166882
0.0017843137254901962    -5.888796197747236
0.0018039215686274511    -13.851169101745082
0.0018235294117647058    -16.751033104328855
0.0018431372549019608    -13.542952453875909
0.0018627450980392157    -5.030587416338922
0.0018823529411764706    5.6738790654349645
0.0019019607843137256    14.19463776949524
0.0019215686274509805    17.036229632862618
0.0019411764705882354    13.016078896410006
0.00196078431372549      4.2765916201264496
0.001980392156862745     -6.153974374667957
0.002                    -13.822251540062968
0.002019607843137255     -16.435655329751047
0.00203921568627451      -13.130040093836948
0.002058823529411765     -4.8203436061403355
0.00207843137254902      5.602688330070983
0.0020980392156862747    13.942910318135826
0.0021176470588235297    17.214462110321417
0.002137254901960784     13.367668046840063
0.002156862745098039     4.535364858355914
0.002176470588235294     -6.131329014049563
0.002196078431372549     -14.050580707529715
0.002215686274509804     -16.5732494200342
0.002235294117647059     -12.852021959547532
0.0022549019607843138    -4.609544182584638
0.0022745098039215687    5.513333458622935
0.0022941176470588237    13.72560236603778
0.0023137254901960786    16.760277719805458
0.0023333333333333335    13.385369859693256
0.0023529411764705885    4.793157837458116
0.0023725490196078434    -6.074931409757202
0.002392156862745098     -14.198621300566428
0.002411764705882353     -16.821717008782592
0.0024313725490196078    -13.06495330832654
0.0024509803921568627    -4.423930949020511
0.0024705882352941176    5.683802733618818
0.0024901960784313726    13.573101953654572
0.0025098039215686275    16.52510451845249
0.0025294117647058825    13.30948139492197
0.0025490196078431374    4.84853927482667
0.0025686274509803923    -5.665453244527534
0.0025882352941176473    -14.155574413465118
0.002607843137254902     -17.00447869004295
0.002627450980392157     -13.232899548747543
0.0026470588235294116    -4.52864548098331
0.0026666666666666666    5.84479937509373
0.0026862745098039215    13.786068151169399
0.0027058823529411765    16.382713174415574
0.0027254901960784314    13.106779217339124
0.0027450980392156863    4.738313469294578
0.0027647058823529413    -5.548464556092859
0.002784313725490196     -13.909492622095769
0.002803921568627451     -16.858778817916367
0.002823529411764706     -13.416111386680914
0.002843137254901961     -4.564622501708405
0.002862745098039216     5.787820675211342
0.002882352941176471     13.880931288851908
0.0029019607843137254    16.4606822788576
0.0029215686274509803    12.951727061630907
0.0029411764705882353    4.539118892029851
