% Model:              
% Version:            COMSOL 5.2.1.229
% Date:               Aug 12 2017, 00:12
% Table:              Av vel Plane Acoustic - V plane ac (aveop3(actd.a_inst/(2*pi*f0)))
% Time (s)               Average Velocity Plane Acoustic (m/s^2)
0                        4.960145829278185E-19
2.0618556701030927E-5    -5.671447256021892E-11
4.1237113402061855E-5    -5.910741387879586E-9
6.185567010309279E-5     6.447692014668624E-7
8.247422680412371E-5     9.555258548644048E-6
1.0309278350515463E-4    -0.0014495894786189902
1.2371134020618558E-4    -0.001969882806929251
1.443298969072165E-4     0.29669352916552555
1.6494845360824742E-4    3.366761339639531
1.8556701030927834E-4    18.348759904374297
2.0618556701030926E-4    65.55517062719733
2.268041237113402E-4     208.4045180557501
2.4742268041237116E-4    759.3309513611546
2.6804123711340205E-4    2455.37268944149
2.88659793814433E-4      4365.934950299194
3.092783505154639E-4     874.9009592723075
3.2989690721649484E-4    -4218.572735571352
3.505154639175258E-4     3184.0304838238153
3.711340206185567E-4     -1612.0034151173468
3.9175257731958763E-4    3241.6389437947337
4.123711340206185E-4     -5447.187931081399
4.3298969072164947E-4    9708.052786198274
4.536082474226804E-4     -15485.643434924536
4.742268041237113E-4     -38568.577895545954
4.948453608247423E-4     -23141.623736269947
5.154639175257732E-4     3294.026838417095
5.360824742268041E-4     27329.526715003776
5.56701030927835E-4      45536.02721310005
5.77319587628866E-4      37800.11242362966
5.979381443298969E-4     18800.851894135692
6.185567010309278E-4     -2319.346415554532
6.391752577319588E-4     -30443.46089552699
6.597938144329897E-4     -39753.520650531245
6.804123711340206E-4     -40935.191941352816
7.010309278350516E-4     -14213.974339138415
7.216494845360825E-4     -4330.486242428075
7.422680412371134E-4     36335.20076899867
7.628865979381444E-4     72176.11790272503
7.835051546391753E-4     49736.78292141774
8.041237113402062E-4     9429.723546758147
8.24742268041237E-4      -30544.332388552306
8.45360824742268E-4      -59642.88617418811
8.659793814432989E-4     -65246.761843113534
8.865979381443298E-4     -41255.24992743032
9.072164948453608E-4     -3021.379069359708
9.278350515463917E-4     37845.035807579814
9.484536082474226E-4     63571.01318881007
9.690721649484536E-4     63159.97632784051
9.896907216494846E-4     38469.668849203874
0.0010103092783505154    1572.1474941809233
0.0010309278350515464    -33000.46054334268
0.0010515463917525772    -63449.02197962484
0.0010721649484536082    -67606.585565005
0.0010927835051546392    -45747.50224808662
0.00111340206185567      -2343.3436124548366
0.001134020618556701     37402.3770394707
0.001154639175257732     64937.382836983255
0.0011752577319587628    64992.33300758723
0.0011958762886597938    39923.167297278276
0.0012164948453608248    2085.7977276413217
0.0012371134020618556    -33913.368462637416
0.0012577319587628866    -64663.73900922294
0.0012783505154639176    -65906.77041020291
0.0012989690721649484    -45090.14763539782
0.0013195876288659794    -1739.8083464800775
0.0013402061855670104    36290.7317282766
0.0013608247422680411    65105.88584516172
0.0013814432989690721    65837.80044241335
0.0014020618556701032    41456.28812570763
0.001422680412371134     1755.4973768396696
0.001443298969072165     -34939.41117280832
0.001463917525773196     -63613.91591544359
0.0014845360824742267    -66673.87218926188
0.0015051546391752577    -44084.91827438482
0.0015257731958762887    -3045.5484987370123
0.0015463917525773195    37368.01021108011
0.0015670103092783505    64497.923041498725
0.0015876288659793815    66289.63601288314
0.0016082474226804123    41266.88755796756
0.0016288659793814433    2147.709703521322
0.001649484536082474     -35798.30019501838
0.001670103092783505     -63006.014036176886
0.001690721649484536     -66800.85050767085
0.0017113402061855669    -43714.957442670246
0.0017319587628865979    -3583.5454224187465
0.0017525773195876289    36900.90359125252
0.0017731958762886597    64608.13955397872
0.0017938144329896907    66851.88531079018
0.0018144329896907217    41283.456098309114
0.0018350515463917525    1610.8728043297942
0.0018556701030927835    -34907.74446502209
0.0018762886597938145    -63866.30397319563
0.0018969072164948452    -65625.67702275988
0.0019175257731958763    -44178.31158994691
0.0019381443298969073    -2372.6045503729474
0.001958762886597938     35915.66430778543
0.0019793814432989693    65010.227358284166
0.002                    66665.73698017145
0.002020618556701031     41451.316009212605
0.0020412371134020616    1709.8569849205314
0.002061855670103093     -34982.289222749474
0.0020824742268041236    -63858.52990299017
0.0021030927835051544    -65837.6275888161
0.0021237113402061856    -44326.34551791373
0.0021443298969072164    -2017.128728479228
0.002164948453608247     35481.455017620676
0.0021855670103092784    65390.87638955717
0.002206185567010309     66196.97747164824
0.00222680412371134      42068.3203195245
0.002247422680412371     1155.524690457766
0.002268041237113402     -35300.97738601482
0.0022886597938144328    -63984.14479781407
0.002309278350515464     -65984.43356216651
0.0023298969072164948    -43796.24335628929
0.0023505154639175256    -2618.4400233352885
0.0023711340206185568    35629.42066397965
0.0023917525773195876    65567.80139473101
0.0024123711340206183    66460.13832467285
0.0024329896907216496    42244.68006798384
0.0024536082474226804    1401.0929459756142
0.002474226804123711     -35013.4952438956
0.0024948453608247424    -64007.72366445916
0.002515463917525773     -66043.25657668019
0.002536082474226804     -43629.27073844006
0.002556701030927835     -2504.7644016995196
0.002577319587628866     35913.26347451524
0.0025979381443298967    65082.02617438517
0.002618556701030928     66558.28451246455
0.0026391752577319587    41866.79820095725
0.0026597938144329895    2162.0490212169775
0.0026804123711340207    -35874.6373215573
0.0027010309278350515    -63798.368658778236
0.0027216494845360823    -66452.09555911602
0.0027422680412371135    -43191.31668365022
0.0027628865979381443    -2560.76240241834
0.002783505154639175     36335.52589938853
0.0028041237113402063    64846.82553550095
0.002824742268041237     66544.35256748466
0.002845360824742268     42049.41781336576
0.002865979381443299     2261.2323265942287
0.00288659793814433      -35846.07030588788
0.0029072164948453607    -63450.3800541701
0.002927835051546392     -66683.83114137122
0.0029484536082474227    -43198.973830079
0.0029690721649484535    -2616.0472346791635
0.0029896907216494847    36611.200493293305
0.0030103092783505155    64544.89216737324
0.0030309278350515462    66442.42977227402
0.0030515463917525775    42220.46345818258
0.0030721649484536082    1843.908190100787
0.003092783505154639     -35605.86422001739
