% Model:              
% Version:            COMSOL 5.2.1.229
% Date:               Aug 12 2017, 00:12
% Table:              Ave v Plane Mutiphysics - 
% Time (s)               aveop2(w) (m/s)
0                        -4.377028450861468E-29
2.0618556701030927E-5    -2.7418142024899974E-19
4.1237113402061855E-5    3.258521006643394E-17
6.185567010309279E-5     1.712630750953756E-14
8.247422680412371E-5     -8.450689686204515E-13
1.0309278350515463E-4    -1.0015918068929299E-11
1.2371134020618558E-4    1.357396452552012E-9
1.443298969072165E-4     -3.976987642831165E-9
1.6494845360824742E-4    -3.2221161238330755E-7
1.8556701030927834E-4    -2.2167383478551536E-6
2.0618556701030926E-4    1.250164768141931E-6
2.268041237113402E-4     9.642966396335548E-5
2.4742268041237116E-4    6.835828677391663E-4
2.6804123711340205E-4    0.002842823531161872
2.88659793814433E-4      0.00803119814736755
3.092783505154639E-4     0.014611312776710197
3.2989690721649484E-4    0.011721644501371276
3.505154639175258E-4     -0.008440512173386587
3.711340206185567E-4     -0.01082737650550291
3.9175257731958763E-4    0.017519079749426802
4.123711340206185E-4     -0.01264698375543461
4.3298969072164947E-4    0.0014264285634443994
4.536082474226804E-4     0.0030974869864351315
4.742268041237113E-4     0.024398479171385913
4.948453608247423E-4     -0.03164352795587706
5.154639175257732E-4     0.08059122548868683
5.360824742268041E-4     -0.23095442519801138
5.56701030927835E-4      -0.8797209255712914
5.77319587628866E-4      -1.3419530614019153
5.979381443298969E-4     -1.222365383751578
6.185567010309278E-4     -0.7076053883573198
6.391752577319588E-4     0.18637640719438606
6.597938144329897E-4     0.8411008652572891
6.804123711340206E-4     1.4472419387562316
7.010309278350516E-4     1.8956749262129864
7.216494845360825E-4     1.5333297723479813
7.422680412371134E-4     0.4900273533781087
7.628865979381444E-4     -0.7940796336007959
7.835051546391753E-4     -1.815680198825154
8.041237113402062E-4     -2.1579401822413504
8.24742268041237E-4      -1.6474601614358289
8.45360824742268E-4      -0.4453683055196052
8.659793814432989E-4     0.9724297161336549
8.865979381443298E-4     2.0863115927123546
9.072164948453608E-4     2.4084804076250053
9.278350515463917E-4     1.8297114879071263
9.484536082474226E-4     0.6353844217071697
9.690721649484536E-4     -0.7202147699724835
9.896907216494846E-4     -1.805114712315571
0.0010103092783505154    -2.2222342553489676
0.0010309278350515464    -1.76216035711318
0.0010515463917525772    -0.5665166417463952
0.0010721649484536082    0.8367662361248948
0.0010927835051546392    1.9672645940531683
0.00111340206185567      2.331588709062049
0.001134020618556701     1.7990950042875362
0.001154639175257732     0.6043305321068175
0.0011752577319587628    -0.7695239381555177
0.0011958762886597938    -1.8732510428344704
0.0012164948453608248    -2.2799745111206056
0.0012371134020618556    -1.8084273501205081
0.0012577319587628866    -0.6148016096674087
0.0012783505154639176    0.79725255738727
0.0012989690721649484    1.9299526226169985
0.0013195876288659794    2.3163003411207415
0.0013402061855670104    1.7903994660670763
0.0013608247422680411    0.5906605440853442
0.0013814432989690721    -0.7798416880150079
0.0014020618556701032    -1.8811538497042015
0.001422680412371134     -2.2767456364858836
0.001443298969072165     -1.801648645773437
0.001463917525773196     -0.6224978288336686
0.0014845360824742267    0.7905748433514843
0.0015051546391752577    1.914037788542659
0.0015257731958762887    2.319181864961238
0.0015463917525773195    1.789519556691902
0.0015670103092783505    0.5894081387414832
0.0015876288659793815    -0.7890668208524884
0.0016082474226804123    -1.8924933458710171
0.0016288659793814433    -2.2810113144179387
0.001649484536082474     -1.8103913554183508
0.001670103092783505     -0.6193977937508112
0.001690721649484536     0.7794444785866492
0.0017113402061855669    1.9229325113285416
0.0017319587628865979    2.312716590835305
0.0017525773195876289    1.7966405035720892
0.0017731958762886597    0.5888443349456867
0.0017938144329896907    -0.7847613223108975
0.0018144329896907217    -1.8957567872638588
0.0018350515463917525    -2.2788426992532904
0.0018556701030927835    -1.8072308751553632
0.0018762886597938145    -0.6195659845705249
0.0018969072164948452    0.7785150816760705
0.0019175257731958763    1.915821047607013
0.0019381443298969073    2.311885582412878
0.001958762886597938     1.7971556225728311
0.0019793814432989693    0.5927540160902646
0.002                    -0.7853160205870429
0.002020618556701031     -1.894684928113386
0.0020412371134020616    -2.281127996389475
0.002061855670103093     -1.8065068599251213
0.0020824742268041236    -0.6167895604202104
0.0021030927835051544    0.7796996671910299
0.0021237113402061856    1.9168273628047587
0.0021443298969072164    2.3130238611984364
0.002164948453608247     1.796683887427285
0.0021855670103092784    0.5957301899467842
0.002206185567010309     -0.7908839203491738
0.00222680412371134      -1.8936953104746441
0.002247422680412371     -2.2859927752340425
0.002268041237113402     -1.8049739273857492
0.0022886597938144328    -0.6168432857945572
0.002309278350515464     0.7811724492167604
0.0023298969072164948    1.9159615976297923
0.0023505154639175256    2.3078414546114834
0.0023711340206185568    1.7988951992948452
0.0023917525773195876    0.5986164003613915
0.0024123711340206183    -0.78974662495753
0.0024329896907216496    -1.8913978273222842
0.0024536082474226804    -2.2894248219751825
0.002474226804123711     -1.8009079673162414
0.0024948453608247424    -0.6176510433385726
0.002515463917525773     0.7799383445091121
0.002536082474226804     1.907561195870057
0.002556701030927835     2.312260580580716
0.002577319587628866     1.7992452234810723
0.0025979381443298967    0.6012219782594991
0.002618556701030928     -0.7876769998532074
0.0026391752577319587    -1.8931488930181508
0.0026597938144329895    -2.291877807810776
0.0026804123711340207    -1.8028229599728776
0.0027010309278350515    -0.6187551365605314
0.0027216494845360823    0.7818315272366926
0.0027422680412371135    1.9085832025702487
0.0027628865979381443    2.3084466311509364
0.002783505154639175     1.798153874584321
0.0028041237113402063    0.6002855248409859
0.002824742268041237     -0.7858084965552018
0.002845360824742268     -1.891203851220026
0.002865979381443299     -2.287989407350397
0.00288659793814433      -1.8053936001300839
0.0029072164948453607    -0.6153530113120684
0.002927835051546392     0.7807022628104294
0.0029484536082474227    1.9110267386098825
0.0029690721649484535    2.3066029902263705
0.0029896907216494847    1.7991418580027554
0.0030103092783505155    0.5997678456311997
0.0030309278350515462    -0.7838707703780122
0.0030515463917525775    -1.888783986119291
0.0030721649484536082    -2.289841722333775
0.003092783505154639     -1.8063671117598885
